t_tracker,pix_x,pix_y,zeitstempel,blick_l_x,blick_l_y,blick_r_x,blick_r_y
2014776703.0,2.94567210235,-2.9454196948,2014779605,638.486463658,543.624268263,663.395143114,490.94624621199995
2014794717,5.68866416049,-5.68684685579,2014795613,639.989808925,537.877561623,665.902536679,493.265103077
2014809727,8.76618819225,-8.75954244984,2014811622,642.112803567,540.040441019,667.506196926,492.179811113
2014827743,11.5797538303,-11.5644485244,2014831633,644.094162213,541.746516937,672.001787333,491.56308546300005
2014845761,14.666964587,-14.6359013827,2014847642,643.102060492,538.807252189,670.866914628,492.931138954
2014860776,17.4991013745,-17.446415842,2014863646,643.702886931,537.4320469869999,671.557389856,497.640142523
2014878797,20.5890008947,-20.5033363154,2014879648,640.288721309,538.351194713,668.17573328,503.01178532800003
2014893810,23.4311534185,-23.3051206268,2014895651,642.652567572,542.6142207380001,667.7443758430001,503.41176252400004
2014911830,26.5453724747,-26.3625258758,2014915653,639.682684089,541.5668207059999,666.254366709,499.33847611699997
2014926846,29.3983787962,-29.1505862678,2014927655,640.760805992,540.440157494,667.538553419,494.69809983
2014944865,32.5327872366,-32.1979225633,2014947658,640.024178512,535.743122481,665.579893929,497.791965721
2014962873,35.4181336246,-34.9872449997,2014963659,639.175397918,532.894036447,668.745156593,496.54355725199997
2014977887,38.5637252786,-38.0093688446,2014979654,636.864276278,528.3303994409999,670.502299275,491.013169287
2014995908,41.6067716798,-40.9129472253,2014999648,638.256569522,529.819002225,675.058898674,490.71295281199997
2015010917,44.6529914247,-43.7984927092,2015011645,648.525195001,540.621166641,680.268438436,489.422303514
2015028946,47.5809553721,-46.5509729035,2015031639,665.172160742,569.251034698,690.155314857,525.8123432780001
2015043952,50.7984768029,-49.550550884,2015047634,671.55694608,567.85004666,699.515688378,526.713483178
2015061976,53.7586342293,-52.2858251361,2015063630,671.822206047,570.0336371000001,705.091561055,528.960842757
2015076989,57.0149225249,-55.2664888459,2015079625,677.48484234,573.6985572240001,707.151971455,526.534030446
2015095011,60.012454508,-57.9830516001,2015095621,682.332491249,586.845164257,707.510328746,528.290647669
2015110020,63.3111073505,-60.9411331729,2015111616,689.033792306,599.995070205,709.9198924469999,538.981971379
2015128034,66.344611601,-63.6314038707,2015131610,693.268466134,603.207467641,718.907154603,537.17714671
2015143049,69.6884438051,-66.5624362782,2015143607,695.404488211,604.607980561,719.6732067830001,538.712484506
2015161073,72.7634133585,-69.2249666822,2015163601,698.08856911,604.266570371,723.934241632,535.048213775
2015176081,76.1662336086,-72.1336841187,2015179598,699.43878253,599.052405841,726.114311086,537.592053339
2015194092,79.2812809733,-74.7608369519,2015195594,702.432663221,596.769769279,728.3493260280001,541.933989796
2015212119,82.7254794467,-77.6250738817,2015215589,713.600942913,597.864548947,730.885238048,547.367825348
2015227135,85.9059014272,-80.2313829703,2015227587,714.332224668,599.294484981,730.512064377,551.56850755
2015245141,89.4040172563,-83.0544361366,2015247582,731.876580587,609.811836284,739.7665368869999,585.5969910580001
2015262148,92.635301851,-85.6208681128,2015263581,741.65491455,611.6341936000001,755.3031941869999,588.639957338
2015277180,96.202967446,-88.4076736447,2015279582,741.849981348,624.254564957,760.4475872060001,600.178883877
2015295192,99.4918957965,-90.9326264585,2015295583,739.96865335,634.144179752,757.8284509719999,601.899824843
2015310227,103.121184484,-93.6691023943,2015311583,742.78960738,640.175900304,759.3551101139999,604.922036102
2015328221,106.47202775,-96.148728261,2015331584,750.375218587,642.107424341,762.511043847,603.5194757730001
2015343236,110.185244139,-98.8433502539,2015343585,753.499670531,639.0718624790001,764.205386085,605.007609784
2015361254,113.587789176,-101.2630026,2015363585,755.793643254,634.7142945,769.782840427,607.820547067
2015376268,117.369021856,-103.895926289,2015379586,757.754921713,630.5036058009999,771.086734548,614.120325006
2015394285,120.852029988,-106.268633608,2015395587,759.031424669,634.873518254,774.607400698,614.3539409690001
2015409300,124.70653355,-108.835280996,2015411589,763.827827056,633.87922336,777.567516336,614.78837083
2015427319,128.262883203,-111.147990281,2015427590,770.024083007,633.804285595,778.3164366760001,611.244170174
2015445337,132.195281011,-113.643042577,2015447591,781.040942061,632.820465265,788.4543333060001,609.439938613
2015460356,135.824744861,-115.887686386,2015463592,782.290463628,635.202544914,794.197298837,617.741415737
2015478370,139.847672672,-118.310162115,2015479594,786.186587724,639.160941384,797.014878547,622.738027645
2015493379,143.555917198,-120.481975552,2015495595,790.764582719,641.435299548,801.423277269,627.92325696
2015511424,147.491030122,-122.722339888,2015511596,788.257138375,643.280712614,801.8603477730001,627.442616861
2015529417,151.454663739,-124.91187494,2015531598,794.855190671,641.634675059,806.9781976889999,626.687869509
2015544437,155.652652374,-127.157372308,2015547599,798.529347963,641.613090109,809.905924366,623.906420968
2015562447,159.52310888,-129.160618324,2015563600,807.573915052,642.753743175,815.90389444,629.616852668
2015577460,163.812744837,-131.305607418,2015579599,806.388319643,647.426752607,817.635771348,636.52882475
2015595510,167.763800364,-133.211302237,2015595596,812.475819543,648.740965994,821.9299778469999,642.227037654
2015610517,172.148579896,-135.247603472,2015611593,813.553973813,653.7864333059999,821.679094055,639.512155308
2015628517,176.19702622,-137.054293842,2015631589,819.762215484,655.433354989,822.7817156110001,639.580511435
2015643540,180.672144499,-138.969367814,2015643586,820.742368829,658.144144364,823.9301038860001,644.058771738
2015661542,184.799566221,-140.659294432,2015663583,825.127943421,655.701914377,829.514428588,652.242481479
2015676560,189.372666007,-142.44613206,2015679581,825.01446531,654.436307759,834.0409401219999,647.750134898
2015694616,193.589384813,-144.014002451,2015695579,826.075064127,653.448860007,836.6357688889999,645.660607617
2015709628,198.061481185,-145.593228067,2015711577,830.513024752,655.951496893,839.579819654,639.793433563
2015727606,202.560553791,-147.095099866,2015731574,840.290033174,656.8730040190001,845.409952308,642.446646692
2015742690,207.330895712,-148.592271003,2015743572,844.099453617,660.3118356000001,848.7800737580001,644.681641261
2015760639,211.715613165,-149.881843762,2015763570,846.161679049,659.782936126,851.417887362,651.004114935
2015778704,216.572097711,-151.213231703,2015779568,846.302334816,663.87122507,856.587134474,650.908098547
2015793719,221.04852855,-152.350019588,2015795569,859.603817675,665.238684583,865.9778715,654.217533459
2015811687,225.788649212,-153.458994985,2015815570,897.098962416,675.422113922,895.8191846139999,657.439612183
2015826756,230.555997398,-154.475713228,2015827571,903.852195871,678.668024659,899.230045757,659.5703496140001
2015844714,235.58863165,-155.441282797,2015847572,908.248710548,673.765649635,909.652486182,655.6667897259999
2015862779,240.223579377,-156.232242585,2015863571,909.990395957,669.97686332,910.904139922,652.213934176
2015877793,245.338571172,-156.995121401,2015879570,911.249677145,670.979837371,921.12839956,650.4035463380001
2015892765,250.046531718,-157.594669016,2015895568,915.482281202,670.014339081,922.183448221,656.229284946
2015910807,255.020190993,-158.120437297,2015911567,914.76189023,673.230761834,924.5407428789999,659.802119717
2015928803,260.011581172,-158.536027757,2015931565,906.583621201,671.6039763809999,915.6830613660001,659.37474201
2015943810,265.273719251,-158.851467612,2015947564,897.382968096,669.19666972,912.183720051,655.9152742690001
2015961881,270.103071244,-159.028980963,2015963562,905.787611724,664.847774208,912.598211126,658.199065391
2015976845,275.415139768,-159.09897099,2015979561,911.686925472,664.913294135,916.2715350189999,661.019408537
2015994926,280.304934149,-159.045895034,2015995563,918.931195333,665.149138044,918.635825255,663.874057818
2016009923,285.43263891,-158.867470528,2016011565,924.823734024,670.557293153,920.416932986,665.3335082130001
2016027893,290.577925005,-158.560082455,2016031567,929.982133006,671.667559405,925.062123317,665.869435997
2016042955,295.972019125,-158.097266807,2016043569,932.018795641,674.870742342,931.25418397,660.382648011
2016060957,300.910175498,-157.544924404,2016063572,934.911921046,670.228094703,938.958230232,650.035200281
2016075939,306.323981081,-156.794955977,2016079575,939.792559135,670.267835305,943.7610743539999,652.02297223
2016094002,311.276539106,-155.973480143,2016095578,943.283460852,668.996138213,946.645040773,654.160622301
2016111975,316.461705962,-154.971183903,2016115582,951.600122577,670.070191815,950.877348645,653.106904385
2016127037,321.627173999,-153.823989989,2016127584,958.36679806,667.316091014,957.731421821,657.428024465
2016145004,326.793590618,-152.523556145,2016147588,966.283972369,662.9010485580001,967.36226599,650.756596863
2016160026,331.938085636,-151.071493417,2016163591,969.229564186,671.048654883,971.7466061619999,652.8672808709999
2016178059,337.066162571,-149.46235007,2016179594,971.48258863,669.7038156230001,978.2023825819999,652.373868196
2016193054,342.159866318,-147.697892571,2016195598,979.057423781,662.782739206,983.2499810639999,641.939320465
2016211116,347.232062091,-145.769416415,2016211602,985.142375148,662.017325026,987.041664634,642.312878897
2016229087,352.475913547,-143.587419019,2016231606,991.172429507,662.3934743330001,990.6816969719999,633.872899843
2016244130,357.455965323,-141.329098078,2016247610,991.51944742,668.279643153,991.7771557939999,636.443981511
2016262169,362.154530364,-139.023357498,2016263611,995.808884792,666.1704473230001,998.143376549,633.15927304
2016277187,367.241706344,-136.324249568,2016279611,999.718671965,660.090382571,1004.09490098,634.782597186
2016295213,371.833062541,-133.696281371,2016295610,1001.1479908,656.497314752,1007.75476405,636.408457116
2016310208,376.769845072,-130.653696838,2016311610,1003.92450227,654.328026177,1012.30240568,637.581776406
2016328190,381.405374688,-127.577496346,2016331610,1011.66523969,656.9572222769999,1017.86051244,627.31871655
2016343244,385.968250699,-124.325849593,2016343610,1018.21660729,657.354371066,1023.66415457,616.554105733
2016361262,390.228131338,-121.073481561,2016363609,1023.948158,652.0473055580001,1028.67892638,613.919389724
2016376228,394.785942616,-117.341264424,2016379609,1033.16044766,647.892158024,1043.60839672,604.820067732
2016394293,398.84048274,-113.781115326,2016395608,1042.26149875,639.0819639590001,1045.34416656,599.471127832
2016409299,402.974011676,-109.894854938,2016411605,1045.42987385,633.381293926,1056.76754825,588.559525228
2016427330,406.979386274,-105.85460292,2016427602,1047.88269842,626.433953123,1059.48134249,585.003119232
2016442347,411.030835486,-101.459335325,2016443599,1051.62976348,622.781573771,1064.21280753,580.443637561
2016460323,414.580128224,-97.3205965955,2016463596,1056.52357088,614.7048806319999,1070.47619947,571.7224526780001
2016478373,418.324868119,-92.6201625241,2016479594,1061.0001769,613.086137692,1074.35227442,567.490109263
2016493389,421.587469966,-88.203365515,2016495592,1067.28251173,615.68180637,1077.60222688,564.628952464
2016511405,424.846969445,-83.4418662086,2016511590,1070.78804542,607.599962354,1082.43998456,561.659097836
2016526425,427.934631817,-78.5521249057,2016527588,1073.43666867,602.769606189,1085.70118683,556.5500982130001
2016544391,430.851701425,-73.5259025401,2016547585,1074.99003356,593.817026107,1090.02794639,548.147522599
2016559454,433.57075604,-68.406996066,2016559584,1076.91880552,590.615961789,1093.07406864,544.5705845819999
2016577499,436.107535893,-63.1619983342,2016579581,1082.21776864,587.164408974,1094.68876488,533.124424727
2016592445,438.450266243,-57.8068811823,2016595579,1084.96546008,578.587615791,1097.20550454,531.230389492
2016610503,440.583143653,-52.3743527598,2016611577,1085.99699388,569.895643045,1103.55902183,525.934124948
2016628501,442.509696971,-46.8530100573,2016631574,1087.35092955,571.167359594,1106.99418479,516.153274025
2016643532,444.295659388,-41.0024447318,2016643572,1090.95572889,567.721360667,1107.32314787,511.15540550699995
2016661547,445.722938717,-35.5835879303,2016663571,1092.20802766,557.939837168,1108.46921911,504.609654752
2016676522,447.002780151,-29.8471442853,2016679570,1095.18447113,553.363781483,1111.64364947,495.174963524
2016694541,448.058678397,-24.060506875,2016695570,1094.8872595,550.0106343780001,1111.30610932,492.02301149699997
2016709551,448.887845072,-18.2346212742,2016711570,1097.04535786,545.181579224,1112.91013501,485.43906443699996
2016727580,449.488780804,-12.3743198638,2016731570,1096.11174026,542.501449885,1113.92409538,481.62411020300004
2016742586,449.870070298,-6.24205733728,2016743569,1099.52282707,539.8424539819999,1112.61095637,480.207185669
2016760612,449.99871567,-0.620723296642,2016763569,1097.74090043,534.620940009,1111.16521469,481.269549001
2016778630,449.898119998,5.52760256146,2016779569,1101.70447994,530.8270650640001,1112.42153655,468.523280594
2016793656,449.564914026,11.4171155164,2016795569,1100.48883963,518.987094177,1112.45014633,460.625579845
2016811662,449.003612802,17.2625912565,2016815569,1101.61791045,507.28878142900004,1112.65088495,454.84480625599997
2016826675,448.252471605,22.8348781015,2016827569,1101.89802145,505.713990043,1112.98235765,452.492025139
2016844712,447.244876307,28.6271156787,2016847569,1097.80161233,494.484186827,1112.89744378,449.78740689
2016859703,446.013531774,34.3691003617,2016863574,1097.77141222,493.017979111,1113.3239794,446.658485149
2016877714,444.559874294,40.0581922843,2016879580,1100.14580141,485.51925677800006,1112.73000841,441.289348785
2016892734,442.892082834,45.6688990292,2016895586,1101.34443995,482.231356205,1107.0120459,437.912922529
2016910748,441.007483042,51.2151151083,2016911592,1098.43742946,483.69166440699996,1103.60301523,430.310231529
2016928774,438.916843178,56.6693319667,2016931599,1094.09641642,470.85977199300004,1099.24248974,425.39052245
2016943778,436.5136241,62.272559051,2016947605,1088.68765515,460.996065732,1098.56009192,417.17992886400003
2016958794,434.124725635,67.3040131053,2016959610,1087.85418609,455.694299737,1097.35292973,413.13431239
2016976817,431.444004622,72.4496269878,2016979617,1087.63110768,450.988440365,1094.30179749,406.624388499
2016994831,428.570261506,77.493268168,2016995623,1085.50933805,451.98259266300005,1091.14969447,401.435060051
2017009845,425.511352484,82.4231546405,2017011630,1085.9498538,449.65015139800005,1089.63277246,394.972035885
2017027863,422.292714636,87.2046120107,2017031639,1079.93102743,440.432401426,1086.35667999,388.742669041
2017042882,418.743337305,92.0713875814,2017043645,1078.30112248,438.36421403300005,1082.87060213,385.431727987
2017060899,415.352164055,96.3811139994,2017063646,1070.51790656,437.51650739,1080.28245401,381.533298279
2017075919,411.483970309,100.946697489,2017079642,1070.940814,434.418079644,1075.38361311,380.58971787
2017093925,407.809459853,104.980597847,2017095639,1065.652673,427.592866126,1071.71335326,379.31464684400004
2017108945,403.832818771,109.052354289,2017111635,1062.27351138,420.64259554800003,1067.49143419,379.844635005
2017126959,399.730088274,112.967506199,2017127632,1055.40713678,420.055582422,1064.9206293,380.36252895
2017144979,395.313939086,116.890931837,2017147628,1050.21734686,415.989958501,1060.3855206,373.581198724
2017160022,391.164129098,120.329064795,2017163624,1040.37624807,417.927752295,1051.89735931,365.486381304
2017178023,386.716042685,123.770552832,2017179621,1038.89122579,411.738718758,1042.68024385,353.009365621
2017193026,382.181731919,127.040381984,2017195617,1034.60216151,403.351291135,1039.10665038,346.167254915
2017213030,377.545963707,130.153890879,2017215610,1022.62638642,398.38028192,1035.98758895,340.110463966
2017228065,372.838184784,133.095517958,2017231603,1015.39587565,394.15557786,1031.67346991,333.75499148299997
2017243069,367.832198454,135.996721157,2017243597,1014.68303351,391.32032149699995,1026.33853469,331.605065527
2017261094,363.19615301,138.488248668,2017263590,1020.66416108,385.40835792,1018.34611294,328.484836472
2017276132,358.061755842,141.041555779,2017279586,1021.3396091,379.43815783,1016.7596184,329.586798256
2017294116,353.315693007,143.219568958,2017295582,1019.03834785,380.22936366,1016.73004282,327.266592158
2017309157,348.069355761,145.434087806,2017311578,1016.0720575,384.13412312099996,1016.34666559,322.445695845
2017327151,343.242949536,147.300718547,2017327574,1007.52426622,383.599755136,1011.20706309,321.123120154
2017342169,337.91660397,149.179449662,2017343570,998.385396124,378.351657279,1008.9242797,315.823598584
2017360188,333.022348373,150.744924068,2017363565,985.355064018,377.198148498,1006.72519676,317.389187142
2017378201,327.651700722,152.292392319,2017379561,982.539035769,380.742947762,999.9515336430001,320.936169275
2017393213,322.721066814,153.561582406,2017395557,984.202022702,384.61824094699995,996.6812015239999,322.704405349
2017411235,317.558619149,154.740130836,2017411554,980.853630832,385.341943049,990.311624805,322.799861818
2017426261,312.379624654,155.772564998,2017427552,973.613743528,377.20358688,982.246684368,321.363085887
2017444268,306.956593907,156.697301815,2017447549,967.181400875,365.259054058,971.974122383,320.51932366799997
2017462284,302.004731305,157.405586955,2017463551,962.960863042,357.895983869,969.327344216,319.137708814
2017477323,296.600614706,158.033842154,2017479554,957.684746767,356.463823936,967.864078951,313.416566398
2017492349,291.67176376,158.477948858,2017495557,951.071401605,357.93664998,965.95788886,310.73648917400004
2017510327,286.514463444,158.813588193,2017511561,943.214371436,363.28898415699996,962.617010033,309.424751598
2017528352,281.384256168,159.018844364,2017531564,939.031123893,366.420870552,954.274737589,309.340126741
2017543357,276.036758558,159.098506733,2017543567,935.115234444,372.660902898,952.7281630860001,309.56122397400003
2017563372,271.185935935,159.053948902,2017563571,931.438868371,376.103854066,944.925612377,311.235152172
2017575391,265.890764932,158.880146564,2017575573,921.015398634,378.79168921900003,942.99334203,312.799826211
2017593412,261.079958446,158.610300913,2017595577,917.549682992,376.62365149,933.9637344380001,313.244322157
2017611460,255.8499056,158.197325635,2017611580,905.77751171,368.349902508,928.08609311,314.13502907599997
2017626449,251.099270761,157.715206809,2017627584,909.204497007,360.728368373,920.3561983569999,316.388481338
2017644467,245.941049148,157.077348492,2017647590,898.148248075,357.315498232,910.855300968,320.510646582
2017659472,241.26150691,156.396399649,2017659596,896.681926711,359.23737619,906.536385933,319.247356635
2017677486,236.396408005,155.585926846,2017679608,889.184591963,372.036165576,906.915198633,319.122111406
2017692518,231.574970422,154.680162939,2017695618,886.195265487,379.292703894,905.587809492,323.57696936400004
2017710519,226.793857887,153.681613146,2017711628,879.502821349,380.620528761,894.5294549480001,325.115794827
2017728569,222.045140287,152.591284431,2017731640,876.639507276,377.41534195199995,887.563488265,327.609992959
2017743555,217.14652775,151.363962715,2017743648,871.652137408,378.296139876,881.2239673439999,328.544102285
2017761619,212.700937984,150.160211108,2017763660,864.095347599,378.12372033400004,877.567189792,335.327233067
2017776592,207.884246816,148.75958947,2017779670,859.082009217,376.890904907,871.9301770489999,338.229353397
2017794666,203.531182125,147.407679386,2017795680,858.971194746,372.047180675,869.850121332,339.167094205
2017809660,198.809563233,145.848992936,2017811690,854.671813576,377.95983237800004,865.4235765239999,333.67694196900004
2017827683,194.335004127,144.283280816,2017827700,852.70197053,378.14800874599996,863.0699554319999,336.44033912599997
2017842690,189.910034615,142.650190647,2017843711,846.663508925,384.24282829,859.142161331,338.75320290900004
2017860668,185.727651659,141.0291986,2017863718,837.032726466,389.74411564300004,856.22581479,339.243974462
2017878726,181.195884771,139.187866183,2017879719,835.415307856,388.441353935,852.226784052,345.772867982
2017893746,176.906375211,137.363595719,2017895721,833.33444418,376.242349733,847.555491951,348.543590583
2017908720,172.664395933,135.481713921,2017911723,817.786628188,375.01081964199994,838.595842533,354.928567809
2017926782,168.647386337,133.62829362,2017927725,817.583372684,386.31322826400003,835.0772124439999,360.256247047
2017944758,164.314085842,131.551135167,2017947728,813.943125699,399.900306092,833.3684517219999,363.56183191199995
2017959763,160.393427278,129.602207896,2017963730,809.465621558,404.248630011,829.8113347330001,362.862212051
2017979753,156.137859867,127.412030922,2017983732,804.165312718,404.61164077300003,823.319132513,367.609132415
2017992798,152.303727382,125.372140033,2017995734,801.153533428,403.104742874,820.756724511,370.243672629
2018010862,148.321657957,123.18676186,2018011736,798.260109172,409.146227776,818.668022535,368.70030974900004
2018028832,144.382574906,120.958112977,2018031736,795.472969304,414.732716841,814.5052162710001,370.32788507699996
2018043838,140.319136607,118.589544299,2018047735,792.574164414,418.559970248,808.959889026,377.13066548300003
2018061908,136.641180245,116.384894133,2018063732,783.935955803,419.485380826,805.92561826,388.64413946199994
2018076882,132.66104544,113.934224052,2018079729,781.570946781,419.189136987,801.5568898939999,392.625497134
2018094933,129.058791676,111.658264986,2018095725,772.534275202,422.159241076,795.173755638,390.50813477400004
2018109952,125.157803237,109.131694939,2018111721,766.235521923,426.570055824,794.1011728369999,388.84326465199996
2018127926,121.63210701,106.793099049,2018131717,764.679895278,428.992910343,791.395327032,389.61021271699997
2018142984,117.811607422,104.200228666,2018143714,763.276188509,434.095290602,790.5636976019999,389.69212175900003
2018160960,114.353277603,101.800798062,2018163710,763.609248597,429.565148753,785.7650268839999,392.019502321
2018175967,110.60756794,99.1462604032,2018179706,762.112629796,434.43162016300005,778.986598068,398.43061029300003
2018194033,107.223650898,96.6986976982,2018195702,756.049883291,434.70724691099997,776.844913096,405.282100038
2018209008,103.54935352,93.9884678335,2018211699,754.969107704,440.916696426,771.0614242419999,406.194340971
2018227068,100.228739769,91.4924504117,2018227696,751.863752102,447.35455754099996,766.5072525180001,410.773393048
2018242083,96.621809275,88.7315883622,2018243694,746.393177325,451.416002583,761.655724738,421.05623163
2018260052,93.3591737698,86.1902995514,2018263693,738.864970903,456.94897149800005,758.116039645,422.09860916
2018275115,89.8194560302,83.3866314863,2018275694,741.447516061,458.02408454,758.54178522,424.51663837300003
2018293089,86.6112293011,80.8042995829,2018295695,735.583447454,458.913461881,760.28493269,424.17523431800004
2018311144,83.1283521436,77.9572863164,2018311696,728.701155358,460.202558717,748.5093630939999,427.231279821
2018326159,79.9808220098,75.3460558568,2018327697,727.237148219,462.02044710800004,744.770344889,431.83158337599997
2018344130,76.5547076238,72.463186503,2018347698,721.496698767,463.407141204,741.820293612,433.207094999
2018359196,73.4515283434,69.8163907925,2018359699,721.669360856,468.39721428800004,740.109989538,435.45600023599997
2018377170,70.079904159,66.9031573731,2018379700,719.762046227,475.32564910900004,736.3838676439999,446.6374942
2018392188,67.0213029514,64.2275076482,2018395701,718.458233971,485.69669911,736.2554734810001,455.27689650699995
2018410249,63.8352331516,61.4080398318,2018411702,712.650679999,492.18957268400004,734.39217082,458.11456630199996
2018428221,60.6814652683,58.585685352,2018431704,713.13675564,496.99649813,732.516538007,460.33648191199995
2018443270,57.3983100625,55.6154192531,2018443708,714.690866801,492.452052311,729.796030493,460.80650286699995
2018461294,54.4219540585,52.8954391495,2018463713,711.241260776,498.74697615699995,726.4842920110001,464.95541889
2018476263,51.1802959115,49.9046992653,2018479718,703.980547999,503.916817519,724.64046921,474.73752124199996
2018494324,48.232672628,47.1607105757,2018495722,704.088661896,509.797551846,720.414240588,478.147361947
2018509310,45.0295530527,44.1536658366,2018511726,702.607298003,512.746842398,718.334669345,476.05693145699996
2018527361,42.1149699389,41.3958398307,2018527730,701.07534728,516.6669510730001,716.296678325,479.38140262
2018542369,38.9361718921,38.3658310106,2018543734,700.20901569,517.204107665,713.6267389689999,477.544786331
2018560342,36.0520596719,35.5979111241,2018563739,695.423777559,521.924991144,710.6122892369999,482.777829654
2018575399,32.8975761248,32.5514386545,2018575742,692.300650949,523.99073591,711.044725362,483.122472056
2018593425,30.0340082316,29.7699368016,2018595747,686.983852021,527.274564967,709.0431032739999,491.127112105
2018608398,26.9106087171,26.7201643615,2018611751,685.271032878,527.691027481,705.715216917,487.97861464
2018628407,24.0589987009,23.9226199581,2018631756,683.149267166,525.099292463,700.782945601,489.21935030699996
2018643463,20.9530631103,20.862793406,2018643755,681.389932745,526.657745074,696.466038335,495.53417445699995
2018661493,18.118794408,18.0603300203,2018663752,679.237156747,528.635551962,690.858237958,506.588463633
2018676454,15.0281712289,14.9947613126,2018679748,675.176585728,531.800787034,690.765584838,512.0458511840001
2018694511,12.2079572781,12.190027401,2018695743,662.850572002,533.669399603,689.02413036,514.532624683
2018709525,9.25413787316,9.24632046838,2018711739,654.024326166,534.863812888,685.061688324,512.0060114280001
2018727554,6.30892542018,6.30644677011,2018727735,650.717788494,537.9340070330001,680.867359564,515.412643528
2018742558,3.22861423224,3.22828188936,2018743731,648.454075564,539.759592324,676.756667023,512.272711837
2018760539,0.418283780598,0.4182830578,2018763726,650.673424645,544.904432857,668.061698996,515.452537677
2018775554,-2.66413986129,-2.6639531243,2018775722,650.020574508,549.906620165,661.94388531,515.184945739
2018793571,-5.4774681566,-5.47584578025,2018795717,651.179231952,563.080666666,659.433625101,520.752029767
2018808608,-8.55667219755,-8.55049133458,2018811713,643.087018389,569.82315536,654.221524432,520.512600223
2018826611,-11.3789240643,-11.3644003675,2018827709,640.342197976,563.899894636,653.855347594,522.855375481
2018841620,-14.4628905942,-14.4331034532,2018843704,637.703496202,567.058130653,649.160073006,525.5948630969999
2018859632,-17.2885483719,-17.2377363583,2018859700,632.233497308,567.9740564130001,651.178412103,530.271105046
2018877648,-20.3863298916,-20.3031601503,2018879699,627.391456364,570.725504199,645.90963573,529.772278314
2018892666,-23.2242347496,-23.101494256,2018895698,623.335808232,571.5392293909999,645.239933049,529.459083298
2018910674,-26.2051239976,-26.0291728534,2018911697,619.949808837,582.062189826,641.029136249,526.765087481
2018925727,-29.1934826037,-28.950793092,2018927696,617.681491549,591.9710101019999,636.501108992,530.7929440519999
2018943716,-32.3298058569,-32.0011080396,2018947695,613.851508249,593.790474018,634.15177867,539.0400383040001
2018961738,-35.1999916984,-34.7769228027,2018963694,612.590189077,592.8079021140001,632.787959319,546.405546816
2018976748,-38.3564268345,-37.810839041,2018979693,606.355776205,593.129546485,633.066006503,550.087700468
2018991768,-41.2615582317,-40.5845887057,2018995692,605.675823694,595.186911911,631.567678159,552.300992846
2019009777,-44.3056571794,-43.4705840083,2019011691,594.035759207,600.627731997,627.022862433,556.996632566
2019027802,-47.3702895353,-46.353645951,2019031690,589.84276491,600.785304829,623.491614463,556.661554136
2019042837,-50.5854096429,-49.3527555384,2019043690,587.788834837,603.65625779,620.722895655,559.040857243
2019060833,-53.5459441457,-52.0900953453,2019063694,583.553345416,599.6518458740001,618.8472243780001,560.708256416
2019075841,-56.8084754767,-55.0784189762,2019079698,578.077705707,605.494673829,613.864474625,560.459993252
2019093857,-59.7969320919,-57.7886243737,2019095701,576.978234983,606.981752866,612.7361456909999,554.841738909
2019111881,-63.086811056,-60.7410603749,2019115706,580.927170148,611.137549603,611.473065537,553.3515354230001
2019126902,-66.2658273979,-63.5619058582,2019127708,582.416176944,608.238496635,607.7907148319999,557.346896395
2019141906,-69.4617169992,-66.3648632722,2019143712,579.55721287,609.156004567,605.213764218,564.2791756969999
2019159928,-72.5375746339,-69.0305087158,2019163716,573.827760973,610.9585395519999,599.111855999,568.42163942
2019174931,-75.9334721542,-71.9360029281,2019175719,571.497613993,616.970486176,600.127508756,564.273949173
2019192959,-79.0512009101,-74.5679738637,2019195723,567.284191512,621.653444652,592.032226429,568.685120806
2019210962,-82.4988169524,-77.4379044884,2019211727,564.495912175,620.736871902,589.053881045,574.030598264
2019225989,-85.6738975513,-80.04252718,2019227730,563.408838989,622.83333231,585.49034835,576.5721218
2019244004,-89.1713745189,-82.8681226315,2019247735,559.521335248,627.393444888,579.3239616569999,579.990758139
2019259044,-92.4009376556,-85.4360728984,2019259738,555.004286213,631.681679219,577.658006203,582.5301116009999
2019277040,-95.9702003807,-88.2273643723,2019279744,549.987292093,639.266740375,573.938870454,586.5127969609999
2019292052,-99.2515969014,-90.7495915465,2019295748,546.06626426,639.850699146,573.1812890690001,594.026642447
2019310070,-102.725068291,-93.3729896963,2019311753,539.319704824,638.792841778,562.1559597319999,597.437824284
2019328115,-106.227097159,-95.9690155448,2019331758,534.638623498,636.292490116,559.028036608,596.5625140230001
2019343097,-109.92578681,-98.6568934935,2019343761,534.001920406,638.341242354,561.237175324,596.00540494
2019361115,-113.345511274,-101.09228609,2019363767,531.043389099,640.336969951,554.18568012,597.576587944
2019376124,-117.114283333,-103.720410138,2019379771,527.683166257,642.545847641,554.603000284,602.290434901
2019394144,-120.595254697,-106.095440388,2019395776,524.279654964,646.707676572,548.528442006,609.820449266
2019409166,-124.281608032,-108.555388248,2019411780,525.734072846,649.3421034940001,545.3414089730001,609.9729418659999
2019427184,-128.004142341,-110.981529273,2019427785,523.190429171,648.806874256,539.944979236,607.90313034
2019442198,-131.931433774,-113.47768515,2019443789,518.913584685,642.62951906,537.0599869,605.702217345
2019460210,-135.565464024,-115.729191261,2019463786,514.243862522,641.7566149209999,538.727932402,604.855975381
2019475223,-139.580673567,-118.151521845,2019475781,510.327651584,642.341680852,538.7292441000001,608.145015659
2019493250,-143.289173477,-120.32771303,2019495773,507.342066188,651.441182527,536.4360496,611.938618471
2019508257,-147.218834705,-122.569506434,2019511767,502.178944888,657.8414343219999,535.28870895,612.425375548
2019526277,-151.176997327,-124.76068485,2019527761,499.200481061,662.124667398,533.6307969630001,614.122529884
2019544296,-155.37030805,-127.008720004,2019547754,493.745681767,659.5980505919999,529.338511642,614.773220543
2019559303,-159.245621195,-129.019139867,2019559749,491.277016634,661.261131664,524.859553506,613.8619292430001
2019577333,-163.34018421,-131.073185287,2019579741,485.294951266,659.967287296,516.996153412,608.2535279059999
2019592341,-167.478248763,-133.075823823,2019595735,482.715305124,657.670675065,513.87566404,611.318360119
2019610368,-171.672742119,-135.030623028,2019611729,479.673178701,657.9210306069999,505.30059241,622.492281417
2019628382,-175.898424664,-136.923445507,2019631722,473.323079771,660.656642735,504.22774880800006,634.5999236709999
2019643388,-180.36769484,-138.841812727,2019643717,467.000341669,668.721675674,500.177502704,634.038395786
2019658406,-184.501448494,-140.539688428,2019659714,460.055231117,676.1712775469999,497.89268033900004,625.4997254919999
2019676424,-188.87031474,-142.254247455,2019679714,450.879922401,680.1453527680001,492.566785751,614.906589573
2019691437,-193.284674145,-143.90326847,2019691714,449.197094859,678.28012406,491.090285611,615.50042276
2019709445,-197.747578545,-145.485189031,2019711714,450.132893733,673.9898377869999,489.090209094,621.320232788
2019727471,-202.251903019,-146.9948519,2019727714,447.022227615,674.194228257,487.29838511699995,629.010499133
2019742483,-207.016601472,-148.496648786,2019743714,444.286903876,672.037865936,480.16688332800004,634.0674847
2019760501,-211.406989848,-149.793791058,2019763714,438.449404392,674.839019237,473.189217326,640.282035342
2019775511,-216.261347839,-151.13109533,2019775714,435.852876435,676.7858368359999,467.590926914,645.126995172
2019797508,-220.727944964,-152.271494968,2019799714,430.768439964,684.004769517,462.66215297800005,653.083768352
2019810565,-225.682365196,-153.435199739,2019811714,428.956630457,686.665238508,458.508392974,659.103858614
2019825565,-230.232289583,-154.409814148,2019827714,426.621155735,696.014372348,455.492773016,660.2177699619999
2019843582,-235.26561227,-155.382639926,2019843714,423.877782506,701.5062124960001,453.60377784300005,661.775873809
2019861643,-239.906207941,-156.181098819,2019863715,411.953342073,701.7296842760001,441.50160376400004,659.120578773
2019876609,-245.006637336,-156.949130142,2019879717,405.88674073,692.252309988,435.970715216,648.36176745
2019894676,-249.711503869,-157.555269357,2019895719,401.073690489,687.455260918,431.093957037,641.5050003919999
2019909682,-254.895416087,-158.108606224,2019911721,397.448475626,686.103290443,432.352038294,646.07933553
2019927688,-259.663125184,-158.510680356,2019927722,343.240708521,693.043348217,373.606551754,654.5931394930001
2019942716,-264.932885032,-158.834875892,2019943724,237.832928665,709.997294817,256.51954732900003,654.655539045
2019960689,-269.749102929,-159.019636697,2019963726,174.248305484,721.7498139160001,186.01060310900002,656.848974217
2019975705,-275.073866578,-159.098451455,2019975728,164.81166983,721.538028395,184.17895257400002,658.478298527
2019993768,-279.945273109,-159.053671735,2019995730,155.174044947,711.881062157,179.193881972,659.0920203219999
2020008781,-285.305678141,-158.873421063,2020011732,148.751491234,706.1750458619999,172.49904781400002,657.197273561
2020026810,-290.224830819,-158.585331666,2020027734,147.792866111,706.0459838610001,169.595990505,661.862585203
2020041809,-295.616085285,-158.132295921,2020043735,146.260522248,711.494738618,166.256823763,666.0176539409999
2020059789,-300.56232323,-157.587912917,2020063735,144.667313035,721.136254335,167.224418403,670.54559357
2020074848,-305.970926132,-156.848537131,2020075736,142.987839316,720.8496024960001,168.64337979299998,671.046219638
2020092824,-310.919289723,-156.037136672,2020095738,145.650789251,716.14237011,166.833722747,669.266554707
2020107830,-316.33122182,-154.998222848,2020111739,229.165314154,698.851424642,256.890536624,646.251477495
2020125894,-321.270339484,-153.908103073,2020127740,269.330948098,684.73029517,302.918594829,630.672729033
2020143864,-326.674145587,-152.555386712,2020147742,283.995241529,679.705850538,302.045433988,621.665696802
2020158927,-331.587524435,-151.175532687,2020159743,287.568881838,677.659989334,307.380609794,624.505547352
2020176901,-336.950778968,-149.50037649,2020179745,287.786605073,674.617117741,308.052736649,625.031466372
2020191929,-341.811543971,-147.823963922,2020195746,287.572280659,668.547445551,309.857104785,626.495750345
2020209971,-347.103533107,-145.820458628,2020211747,286.28647517,667.465732257,304.743921828,628.967834431
2020227948,-351.90453181,-143.834751783,2020231749,285.421284307,665.9682601540001,303.831061729,622.6135228999999
2020243009,-357.111274883,-141.491444583,2020243750,286.028151674,670.062996684,299.109224745,622.335824873
2020260981,-361.820976966,-139.192844153,2020263752,284.025773886,674.429172112,298.23689699,616.869264343
2020275047,-366.908961626,-136.507483055,2020275747,281.794781532,672.4934773680001,293.37607381,616.842123489
2020293018,-371.495687224,-133.895841282,2020295738,273.952208618,662.937816101,287.750784394,616.908515835
2020308025,-376.448789743,-130.858704707,2020311731,269.028263447,663.412591592,278.552606776,617.911334764
2020326089,-380.885475427,-127.933588933,2020327724,265.744510854,666.755207091,277.26833043700003,615.894300205
2020344064,-385.654772475,-124.55670865,2020347716,258.381493567,662.743896577,271.559190128,615.993093985
2020359122,-389.924399716,-121.312678271,2020359710,252.239415982,659.161279797,269.490208188,615.8769589340001
2020377098,-394.483637661,-117.597370698,2020379702,241.561835117,652.232095934,267.255578163,616.8656160840001
2020392117,-398.553098871,-114.041376071,2020395695,237.107503205,649.156206177,267.676189266,616.271432205
2020410176,-402.875231104,-109.990958638,2020411688,235.146037126,650.069526809,266.880103207,611.421389834
2020428142,-406.707244965,-106.138303904,2020431679,232.121828539,648.723716947,262.147232852,602.38265631
2020443202,-410.762155698,-101.761213702,2020443674,228.291712102,644.225619997,256.62452126799997,603.029062315
2020461172,-414.32725264,-97.6251473134,2020463670,224.110674531,628.698361955,245.631212127,602.021584579
2020476183,-418.077724148,-92.9419364679,2020479671,221.048155691,620.298803425,249.60351110099998,600.637502432
2020491252,-421.353529286,-88.5310473055,2020491672,219.191437253,618.079678772,247.013001385,599.433186355
2020509272,-424.627880687,-83.7740276594,2020511673,215.036019617,621.921039068,240.952033885,586.704856577
2020527283,-427.729353073,-78.8900487741,2020527674,211.862212534,626.18232226,235.857814513,577.522356574
2020542298,-430.781430544,-73.6522584633,2020543675,209.47203092,619.221335371,227.852167024,571.209828952
2020560267,-433.389075891,-68.763986062,2020563676,206.165614552,604.493247264,215.383468618,558.688991592
2020575330,-436.048390485,-63.2902995137,2020575677,205.243671163,602.173637459,213.25959126200001,552.453500576
2020593353,-438.391454703,-57.9484378856,2020595678,204.742738287,601.5061533080001,214.534884456,553.80871152
2020608314,-440.533466928,-52.5081827673,2020611679,204.119791469,599.279973355,212.888100052,554.698152279
2020626375,-442.383373789,-47.2370377578,2020627680,199.599449931,594.605793691,206.72669956400003,552.597558435
2020641346,-444.186968833,-41.3841774724,2020643681,196.120931033,584.7154866980001,207.17677078,540.41649067
2020659415,-445.626886349,-35.9755321588,2020659681,194.436132764,575.15216999,201.06388829099998,528.985337584
2020674429,-446.974133601,-29.9881033424,2020675681,194.139930871,571.337074671,198.09853107900003,526.478171422
2020692406,-447.991480627,-24.4708332104,2020695681,191.840865609,572.521768768,197.346893315,523.438815882
2020710458,-448.869636062,-18.3827722801,2020711680,200.426550484,545.818671355,203.688550188,521.866661589
2020725483,-449.475341633,-12.5356553411,2020727680,202.668951019,546.139799683,211.19042934200002,519.429459921
2020743491,-449.852225945,-6.65672572177,2020743680,201.0338063,544.712933669,209.20203781,507.87968704800005
2020758509,-449.996403452,-1.03872640877,2020759680,197.175521376,548.757792965,206.01663136099998,498.26555982199994
2020776482,-449.91267634,5.11762030484,2020779680,196.295680134,542.116270612,201.66819562900002,491.584197025
2020794540,-449.615612754,10.7321653602,2020795680,195.947562311,537.548830499,201.814859159,493.727399359
2020809559,-449.050497263,16.8527793824,2020811679,196.781096443,535.1223738580001,199.66866359099998,493.853172674
2020827596,-448.314347976,22.4291186488,2020827679,199.046518295,526.833717719,200.50315762099999,491.495887187
2020842586,-447.273389226,28.4798613804,2020843679,199.967352039,518.772035821,198.702751234,490.458716685
2020860568,-446.108077911,33.9641025782,2020863680,195.668683974,503.04428231300005,197.009488538,484.52069849599997
2020875581,-444.596960776,39.9237358783,2020875680,193.910997624,494.92610388300005,198.769763949,481.36153350300003
2020893619,-443.01204311,45.2904325667,2020895684,198.769256043,481.29472951300005,214.166252095,473.07791437699996
2020908616,-441.05521811,51.0828599763,2020911686,240.573714382,452.91763085,279.775122639,432.085321501
2020926629,-439.069796064,56.290643543,2020927689,288.742551796,412.57865800400003,313.600835791,402.742949403
2020941640,-436.678977424,61.9060292528,2020943692,310.354652011,413.01085283699996,324.527826597,392.642214322
2020959657,-434.304677355,66.9409031404,2020959694,319.636631367,403.417794,327.898174611,375.03474348199995
2020974669,-431.505365744,72.3369578913,2020975697,328.707516777,398.711716067,328.672818827,366.85236952
2020992696,-428.774824364,77.1483884609,2020995700,334.95033355,393.32303419699997,333.344069458,367.097037123
2021007708,-425.594252962,82.2948127796,2021011703,338.774112374,392.23444461,340.194881289,368.33673069199995
2021025728,-422.520762927,86.878080532,2021027706,342.839661322,391.137661407,341.075966606,369.197521565
2021043737,-418.987533018,91.7488332051,2021047709,340.586286028,387.47864924199996,342.79817082799997,367.553726262
2021058761,-415.601014459,96.0751316954,2021059711,338.574758406,383.36988237,347.185742277,367.651578412
2021076789,-411.748801589,100.645025197,2021079713,335.108724443,376.431795416,346.712470425,362.838183384
2021091790,-408.080257549,104.69260294,2021095719,334.348117774,379.731206961,349.51222998599997,366.678204152
2021109807,-404.113664789,108.774098762,2021111725,343.728305091,386.498991199,352.479734835,369.907514089
2021127821,-400.020071775,112.699661916,2021131732,351.971615815,391.355835496,357.65569506300005,379.387547971
2021142832,-395.604352577,116.641581879,2021143736,356.973020211,390.514228431,361.046364726,378.575183406
2021160861,-391.469519345,120.083774264,2021163744,358.961076549,390.736939729,363.757716569,375.314332775
2021175865,-386.822719527,123.69080554,2021179750,362.190000897,392.592033814,365.473773913,367.67742913300003
2021193882,-382.501527711,126.817248191,2021195755,365.426188375,391.82184373300004,365.265305889,361.108739126
2021208904,-377.663114269,130.077926216,2021211761,368.383805497,391.903789704,366.26444200099996,360.546352703
2021226919,-373.162095383,132.899913965,2021227767,371.346341125,388.70731539900004,366.559005142,353.26141675599996
2021241930,-368.169496228,135.808269761,2021243773,370.819310661,387.058736831,361.92285691,349.200897017
2021259946,-363.533563382,138.313003836,2021263775,366.547063618,382.66117663,356.385010329,343.06888009700003
2021274959,-358.394265129,140.882519759,2021275775,363.834631782,380.732505635,353.94920121300004,342.133008129
2021292985,-353.649909941,143.071727067,2021295772,359.621135167,378.259966181,352.163625609,339.182746207
2021307996,-348.418858779,145.292663961,2021311769,319.471541522,381.14461404400004,335.005410014,345.063896944
2021326014,-343.596159303,147.169495601,2021327766,302.663902375,391.940367841,308.712093548,356.83720471099997
2021341030,-338.26906617,149.060843248,2021343763,295.724024825,400.271582856,297.396347395,365.87394970300005
2021359044,-333.387898994,150.633187373,2021359761,292.681658467,402.83426161,295.400201982,373.86683346
2021377066,-327.999584243,152.197428686,2021379757,295.962676479,392.458914356,300.157870191,376.90517196900004
2021392086,-323.083671076,153.473077829,2021395754,300.037970297,388.47453797599997,304.885097847,372.535283555
2021410090,-317.91237795,154.664181447,2021411752,304.292738343,388.996914991,309.090733178,368.61214131
2021425109,-312.73223163,155.706947255,2021427749,306.883083075,394.58228906,312.719356766,368.679628143
2021443119,-307.320648051,156.640144173,2021443746,314.13002346,396.267187667,315.51374923099996,367.934462601
2021461146,-302.36163242,157.358814572,2021463745,318.3597978,393.896894527,314.904336614,364.57331569800004
2021476182,-296.962332837,157.996439643,2021479746,323.809842644,389.40026677599997,322.336196159,356.36029639099996
2021491173,-292.028913429,158.449846732,2021491746,328.664339502,391.521914168,329.859479169,353.64952197800005
2021509204,-286.868101378,158.794738693,2021511743,335.717287835,394.70150009400004,337.846193881,352.684504994
2021527208,-281.732158436,159.008935753,2021527741,354.083228049,392.54704098,362.00233494300005,358.34950544599997
2021542228,-276.389568191,159.097432079,2021543739,370.251884608,387.502023675,370.082573752,360.993564728
2021560242,-271.524898261,159.060642081,2021563737,377.819675725,384.19443771699997,377.784159667,364.330900598
2021575246,-266.24223095,158.895698711,2021575735,376.167703924,383.66203954,381.103517895,366.92558415
2021593269,-261.431425592,158.633598452,2021595733,377.598153632,387.268984807,383.99511158,361.33039082
2021608285,-256.187454416,158.227717193,2021611731,390.584111075,386.038416226,389.519068939,359.416583081
2021626308,-251.445714481,157.753789886,2021627729,397.776383907,379.845719689,397.377494419,356.071458512
2021641316,-246.28546888,157.123631114,2021643727,408.378033246,375.13619791199994,406.20485180000003,358.782412334
2021659332,-241.598503622,156.448675832,2021659725,413.571766658,380.250218986,411.994917298,354.02084101
2021674348,-236.512097369,155.606408155,2021675725,416.977946053,385.547266028,423.06749401400003,350.518666356
2021692377,-231.904867925,154.74538205,2021695724,421.811696723,389.38072598400004,423.92371150900004,351.79824648199997
2021710383,-226.90857384,153.706738991,2021711724,424.715388728,390.531227841,430.40600549699997,348.959402675
2021725402,-222.38048826,152.67149781,2021727724,427.830999264,395.544316591,437.402417841,349.97047791
2021743410,-217.470046213,151.448225461,2021743724,430.702179183,396.02956068,445.266474049,356.643400143
2021758427,-213.018145213,150.248933791,2021759724,433.572504566,396.560570079,447.451205487,356.371779858
2021776475,-208.199359948,148.854280929,2021779725,436.47183627,394.780805795,448.860417302,358.27598693199997
2021791461,-203.83480582,147.504624312,2021791725,436.151257623,397.84611288900004,446.568843305,362.109498884
2021809476,-199.317931875,146.021426197,2021811725,436.004079389,399.44330020300004,451.38239219699994,365.81546651199994
2021827500,-194.833795058,144.462082328,2021827725,441.475773875,398.5907748,452.616285367,367.37807244199996
2021842533,-190.215126538,142.765492415,2021843725,446.238443927,396.48733980099996,453.833172222,368.875079921
2021860532,-186.023006084,141.146140007,2021863725,451.488373418,408.41677354800004,454.85569852699996,370.836767627
2021875545,-181.486519559,139.308606665,2021875724,450.759071862,411.23583129400004,454.58934032199994,371.55775361599996
2021893559,-177.390313313,137.573368446,2021895723,450.581350395,410.634133385,461.176306258,370.58504355300005
2021908581,-172.953422571,135.612392544,2021911721,452.518136382,406.695049883,467.412306301,374.370652339
2021926598,-168.742026996,133.67275839,2021927719,463.271457722,406.308461686,472.748069814,376.450724506
2021941712,-164.594255606,131.68787537,2021943717,472.962718208,407.534020199,473.324336819,377.239111669
2021959663,-160.670016483,129.741864406,2021959715,476.979406801,418.156079313,475.92380356300004,373.89361732599997
2021974682,-156.419405629,127.559335145,2021975713,476.490818059,427.945463922,485.319003151,373.134250064
2021992658,-152.576023937,125.519092926,2021995711,476.625974463,425.498902476,492.314725921,377.57560419199996
2022007688,-148.419082575,123.241040334,2022007710,482.930421194,422.22893127,490.63811501199996,380.803274796
2022025726,-144.657812616,121.115995333,2022027707,491.609462205,418.05553737599996,506.31118521300004,381.388057162
2022040703,-140.585292333,118.746844996,2022043705,503.323455308,423.86662025199996,513.198528685,383.419861379
2022058765,-136.904378295,116.544576378,2022059705,506.308850045,429.64989483,518.35863104,379.287080949
2022076740,-132.916688369,114.093652786,2022079706,508.330122879,433.22093034,525.239753684,383.45182921599996
2022091797,-129.313486489,111.82098997,2022095707,510.893740117,432.707330394,529.170905374,384.457595285
2022109806,-125.581166601,109.408999757,2022111707,515.15358196,435.91295874400004,529.651852949,383.02018303
2022124786,-121.887614902,106.964329769,2022127706,517.59932919,439.37237012400004,534.366918368,371.07286987099997
2022142839,-118.059074079,104.370020787,2022143704,521.508418424,444.032967397,539.94854839,369.709246991
2022160819,-114.606321799,101.97804263,2022163703,532.255434347,440.61198032699997,540.803616637,374.908430212
2022175829,-110.8541144,99.3227572175,2022179702,534.382277975,436.717730669,542.19292618,382.267388755
2022193896,-107.467076458,96.8763228045,2022195701,533.522434266,437.912817826,543.4953661769999,385.871161169
2022208860,-103.792508446,94.1695059319,2022211700,532.653164546,452.76446507199995,537.547858996,390.477569857
2022226927,-100.46587966,91.6721609437,2022227699,532.593911261,464.977942353,547.1154986480001,394.704199899
2022241934,-96.8589653366,88.9146899497,2022243697,536.672926076,473.370139698,556.815523861,415.162273979
2022259907,-93.5955787578,86.3758278794,2022263695,540.561702008,472.20359309699995,562.59995069,420.408549024
2022273971,-90.0482248851,83.5692804142,2022275693,545.285111294,476.636130364,567.71258503,422.35208124300004
2022291959,-86.8414991045,80.9909377283,2022295689,553.674420515,478.857700997,576.296395492,416.411393115
2022309999,-83.3618816928,78.1495840758,2022311687,559.914588578,481.678191989,581.761975738,413.71675014199997
2022324974,-80.2036686819,75.5321142084,2022327684,563.205989065,482.22616812900003,579.3431346919999,412.64974130800005
2022343034,-76.7806242146,72.6545641987,2022343681,565.686643429,483.946724416,582.779133531,417.93598207400004
2022358081,-73.6735864913,70.0068995126,2022359678,571.185235805,482.58899345699996,587.026946212,428.33124549
2022376021,-70.3014030706,67.0957199227,2022379675,573.26570978,478.651597236,589.919865445,436.736986605
2022394086,-67.2417859587,64.4214122646,2022395672,570.652137321,478.095841212,595.5306334769999,444.08861912
2022409052,-63.9165287763,61.480383007,2022411669,575.691587062,479.110359127,599.0263028109999,442.962328105
2022427152,-60.8986151916,58.7809982205,2022427667,585.078526406,480.06328445300005,601.809752491,441.095303273
2022442131,-57.6149354127,55.8123853591,2022443664,585.299529542,479.607156888,606.796058259,441.05902304
2022460105,-54.6335085895,53.0896053549,2022463663,585.514751532,489.014875985,609.923136691,436.983857714
2022475160,-51.3887863905,50.0979151932,2022475663,587.214017637,496.23292728,612.8546586719999,438.267901881
2022493134,-48.4443332545,47.3585036912,2022495664,596.672647942,502.98741938,617.42728898,441.77038608199996
2022508148,-45.2349044344,44.3472086157,2022511666,602.796206751,505.22668788,619.329787592,448.778147304
2022526189,-42.31786417,41.5884657919,2022527674,605.539399584,501.11030183699995,625.43452284,455.918369985
2022541225,-39.1480940953,38.5685253084,2022543683,603.805801987,501.845994519,631.279454686,457.444662778
2022559244,-36.2540053258,35.7922781851,2022559691,602.610724514,504.67608489800006,632.23972395,461.989328435
2022574215,-33.1089653725,32.7561829633,2022575699,602.735017333,509.262490305,630.507649902,458.25636351699995
2022592235,-30.2438572737,29.9742609716,2022595709,606.263881333,506.94770555400004,631.662460248,460.701468401
2022607312,-27.1166856647,26.921863967,2022607715,606.921605464,505.56773791300003,633.976525273,461.786503578
2022625302,-24.2698889776,24.1299131627,2022627725,609.165028039,513.208558745,634.864061599,463.93039525300003
2022643337,-21.1591226248,21.0661752017,2022643733,614.085603845,524.716005513,638.029751399,467.734472013
2022658343,-18.3267870396,18.2662927692,2022659738,621.28303305,528.280882386,642.790439191,471.370032659
2022676316,-15.3654237187,15.32971904,2022679740,630.717989134,531.395737402,649.923872872,478.57508569
2022691376,-12.4069993258,12.3881794301,2022691742,637.355647522,530.609989557,655.938170225,485.02007602699996
2022709390,-9.45851918356,9.45017277556,2022711744,647.305066527,534.028727117,659.759929973,495.34684310800003
2022727411,-6.51186216915,6.50913665828,2022727735,644.998505911,531.715706844,663.781242158,499.409426701
2022742437,-3.43213476565,3.43173553655,2022743726,642.277745158,534.585618087,664.98385188,501.171543728
2022760400,-0.621308432063,0.621306063286,2022763714,637.787510743,568.3349808959999,665.955321629,519.570217458
2022793438.0,2.45631413872,-2.45616778024,2022795696,652.896066858,576.626174073,670.5420060390001,541.7852727000001
2022808446,8.3494863998,-8.34374343436,2022811687,656.484349397,580.926067936,676.61075544,543.6122171869999
2022826499,11.3021246902,-11.28789272,2022827678,653.900977493,586.667297889,675.031382245,545.449500209
2022841495,14.2564177525,-14.227885723,2022843669,656.286584413,590.250589162,679.691729186,548.4836870830001
2022859547,17.0786318989,-17.0296431843,2022859663,657.164345285,588.767238931,680.554752284,553.0205994280001
2022874546,20.176445822,-20.095808465,2022875661,660.706659686,578.309105026,681.442514304,557.592476949
2022892523,23.0147642275,-22.8952981755,2022895658,666.697618967,576.003414223,683.2870226169999,564.300065415
2022907584,26.1280518619,-25.9536384275,2022907656,667.143919216,577.280609161,682.674860797,564.548680627
2022925598,28.9818889736,-28.744396138,2022927656,669.758574887,581.9963812880001,686.831828522,566.386871044
2022940572,32.1164654188,-31.7941682863,2022943659,666.935663705,584.155274242,689.133142803,561.397355159
2022958585,34.9911758159,-34.5755047129,2022959662,670.78259645,587.066580507,691.3296705360001,553.274404859
2022976605,38.1490344029,-37.6121281109,2022979665,672.836884467,593.323912444,693.823864568,547.2992317430001
2022991619,41.1832650656,-40.5100807187,2022991667,675.27162221,604.243342004,693.743360525,546.046360701
2023009646,44.2353373073,-43.4041617489,2023011670,677.951836878,609.7121436880001,696.497107936,553.408631753
2023024653,47.3066378882,-46.2940025047,2023027673,679.981755042,607.189814147,697.789496692,564.078339214
2023042667,50.3757444715,-49.1580004186,2023043675,677.829134059,599.041165512,701.4157854939999,564.161123423
2023060687,53.3301590411,-51.8913888686,2023063680,679.096133081,600.2449013419999,708.6944838810001,560.209870151
2023075706,56.5833944138,-54.8732328548,2023079685,681.447640771,603.733824265,708.2986031080001,569.801171179
2023093718,59.5774270938,-57.5904606222,2023095689,685.529725108,612.6803822319999,708.0896835289999,572.962539976
2023108727,62.8689399435,-60.5465683977,2023111694,689.076331834,616.3104121719999,712.6887408069999,579.157288606
2023126748,65.9027134655,-63.241333097,2023127699,694.305495677,621.28691032,713.442697839,577.081201114
2023141759,69.2431011034,-66.1741964552,2023143704,695.670619605,621.923798812,717.367344865,578.337109791
2023159795,72.3142800365,-68.8380703227,2023163711,698.976666038,619.320450603,719.152528232,579.067130573
2023174792,75.7076204938,-71.7440087875,2023175715,705.273732783,617.928345034,722.71670026,577.50159038
2023192821,78.8271852791,-74.3800122061,2023195721,707.754537874,620.203405373,727.686838267,579.028303459
2023207827,82.2745971856,-77.2525672747,2023211727,711.571007578,623.363488685,731.697174301,582.794355997
2023225845,85.4400369688,-79.8519570144,2023227732,715.628424782,625.52549525,731.3045099860001,590.889648278
2023240872,88.9395024395,-82.6822219465,2023243737,714.874731582,627.226657646,729.0644043839999,595.4875806780001
2023258878,92.1722763497,-85.2555704223,2023259739,714.161656477,624.930377208,736.429643853,589.807717451
2023273916,95.7331335029,-88.0435064871,2023275737,714.143290347,622.811415878,742.0165122980001,589.167394631
2023291907,99.022774693,-90.5750858263,2023295734,733.112653269,621.521406026,751.982757105,597.789996118
2023309923,102.645919708,-93.3137475725,2023311732,740.063016094,633.1850907109999,758.173746837,609.588062936
2023324951,106.140881033,-95.905698443,2023327730,747.025052761,639.94844017,764.7406003289999,616.354175253
2023342958,109.681506838,-98.481092199,2023343727,750.368543752,638.55109073,767.654216226,620.747428623
2023357989,113.099473701,-100.918672781,2023359725,756.61107659,632.201772064,770.808904675,621.693933512
2023375989,116.864058626,-103.547741611,2023379721,759.117355791,626.357573317,778.018450828,625.5934928219999
2023391003,120.348165031,-105.928519901,2023391719,761.963202306,626.932569677,778.935917376,627.4142872880001
2023409021,124.024203214,-108.385470049,2023411716,766.560196492,627.891883415,783.22462446,624.4384951000001
2023427038,127.746162142,-110.815276179,2023427713,768.828457757,627.9189563130001,788.0191245460001,624.15773755
2023442051,131.67294153,-113.315397488,2023443710,768.277701207,628.687292897,790.441539857,623.870667236
2023460075,135.299005025,-115.566010207,2023463709,772.387358194,631.933798463,787.8788409760001,636.866823873
2023475084,139.311037607,-117.991006146,2023475709,775.707515147,635.994534571,789.15112407,639.262182905
2023493110,143.018031391,-120.170595019,2023495710,783.022560018,643.232477425,794.920043521,637.588689627
2023508115,147.118631555,-122.513164006,2023511710,784.621240616,647.967470093,799.20587494,634.7944312459999
2023526136,150.900764411,-124.609947112,2023527710,785.78077856,648.738284843,802.062370249,634.7690353730001
2023541174,155.092443588,-126.862092077,2023543712,785.691256899,648.065726901,802.569167304,635.820281795
2023559167,158.963471791,-128.874945338,2023559714,789.118933824,653.349809553,807.2442702889999,642.1897276880001
2023574178,163.247148752,-131.027314024,2023575715,791.198894813,655.88677204,807.9651663,652.786370579
2023592198,167.199018359,-132.943005381,2023595717,796.426543359,655.421691815,807.927593941,659.311679418
2023607210,171.572786971,-134.984920051,2023607719,803.870137342,655.939609811,808.200079269,659.1251702769999
2023625231,175.602733259,-136.793494519,2023627721,817.266971741,657.7427973680001,814.932840445,658.27386038
2023640247,180.081825236,-138.721679216,2023643722,818.155135378,662.465311919,825.06224086,652.68431631
2023659260,184.213705368,-140.423882227,2023659723,815.503154496,664.270832656,831.583391221,649.521826059
2023674278,188.762194478,-142.212806476,2023675722,812.148661986,662.018604703,835.032093082,649.7390451159999
2023692299,192.986009625,-143.794344011,2023695722,815.84564147,654.480160055,836.21651973,650.294938135
2023707339,197.645545172,-145.44997983,2023707721,816.387130545,651.345729569,836.803689513,649.907664757
2023725337,201.938285255,-146.892570328,2023727721,821.052639771,652.707614757,841.2250405110001,651.443700815
2023740348,206.699864288,-148.399852314,2023743732,827.166240121,657.13052586,844.087818082,655.714423455
2023758366,211.086979247,-149.702055061,2023759746,833.483819873,660.2462877209999,850.878925462,654.323996889
2023776377,215.933757161,-151.044055178,2023779764,841.422017513,657.628375644,855.3928830189999,648.476716004
2023791390,220.425471064,-152.196997452,2023791775,856.831350792,655.2035795209999,866.057444428,649.971197512
2023809407,225.13221667,-153.31124488,2023811793,879.693748142,651.43008321,883.5871950060001,657.032720482
2023824431,229.910077675,-154.343765197,2023827807,884.403826479,655.418244945,892.75191963,662.053461634
2023842441,234.925697543,-155.320435511,2023843822,890.092959233,663.669010826,892.391559698,664.192118518
2023860490,239.55566776,-156.12409388,2023863841,898.243105916,671.088422776,895.258564275,668.161286001
2023875472,244.670096025,-156.902001435,2023875854,902.591501152,669.7040932680001,897.7177276289999,669.438795965
2023893490,249.373937889,-157.515064166,2023895874,907.88646228,664.023366309,902.724167289,668.315705694
2023908522,254.557005031,-158.076165353,2023911890,909.212937537,661.557673163,909.547096475,672.597606551
2023926552,259.32448706,-158.48551853,2023927907,909.3722477,668.222605076,911.251345061,679.400773085
2023941536,264.582800335,-158.817278378,2023943913,914.119881397,678.0670692069999,912.53156684,684.235145416
2023959559,269.405562892,-159.010011297,2023959910,922.010256418,687.599144843,921.289404751,684.964797517
2023974567,274.721390878,-159.097339279,2023975907,926.744704009,687.652913884,925.695345522,685.210221936
2023992595,279.596986169,-159.060614049,2023995903,925.879115303,682.959229725,937.516503748,681.0750223809999
2024007605,284.953719442,-158.889508083,2024007901,924.465199644,676.8568684119999,940.572815895,676.542773522
2024025626,289.872068855,-158.609942543,2024027897,929.53117682,663.815928834,947.518910905,670.512273618
2024040634,295.260555371,-158.166648143,2024043894,940.516125735,664.631767486,953.518126762,671.913444754
2024058700,300.20610823,-157.631290166,2024059888,946.173379137,663.377573479,955.2718195269999,675.73488641
2024073702,305.611426633,-156.902421533,2024075880,951.493180694,662.750021677,957.3493223280001,680.487522884
2024091739,310.560441167,-156.100384531,2024091872,954.672603504,661.878490823,956.7191789789999,682.0059974119999
2024109740,315.972458705,-155.072078291,2024111862,958.712067988,662.412926655,963.010717079,681.5152351190001
2024124739,320.918396798,-153.990349679,2024127854,961.625353406,664.05187187,969.4150384589999,675.381399279
2024142765,326.311620426,-152.65147821,2024143846,966.986618921,663.38002457,980.2164040069999,668.5562527559999
2024157792,331.227562937,-151.28157887,2024159841,969.934530507,660.23812258,984.442837398,660.46787543
2024175821,336.588828119,-149.619112748,2024175835,969.626001081,653.483183401,985.3189105069999,641.501251904
2024190778,341.457423148,-147.951309537,2024191830,973.803479286,648.953574774,985.440338528,637.415081815
2024208799,346.757274519,-145.957396482,2024211823,979.168371537,648.627168721,987.8168636319999,634.261288346
2024226853,351.558887457,-143.983216988,2024227817,982.773453396,643.771666298,989.1718147280001,638.7550711590001
2024243800,356.767263323,-141.65256228,2024243811,982.616832122,643.803972604,991.9490597639999,637.202270818
2024259847,361.476849303,-139.366760294,2024263809,981.738127314,644.0741958980001,994.974546835,637.902736174
2024274859,366.575574441,-136.690113947,2024275809,984.15414267,643.380671944,996.222233674,636.454452725
2024292875,371.164145597,-134.090935151,2024295809,997.195609298,633.710648776,998.929949237,632.427948832
2024307914,376.118056431,-131.068831779,2024311810,1008.53202774,635.268492065,1006.54049496,630.307643752
2024325948,380.564377163,-128.152090262,2024327810,1014.40922867,640.390576269,1014.9505767999999,626.454058508
2024340922,385.342764795,-124.785365414,2024343810,1018.68289124,639.768483081,1017.83616323,621.018170196
2024359013,389.61768837,-121.553056845,2024359816,1019.38223506,635.6836149559999,1021.35028323,618.6605673419999
2024373996,394.188011621,-117.846608991,2024375821,1015.09088944,631.954698135,1025.52285476,621.8306878340001
2024391971,398.259053702,-114.306384467,2024395828,1014.36928585,638.018323119,1033.39043345,622.512975919
2024407034,402.593010367,-110.264630675,2024407832,1020.55435124,641.588920346,1034.98806199,623.1308580130001
2024425007,406.437238905,-106.418410244,2024427839,1026.8913536,635.189079575,1039.93228001,616.99822447
2024443058,410.495894994,-102.058861156,2024443845,1030.17443451,628.065803921,1047.54125943,611.202041893
2024458084,414.240192001,-97.7296417115,2024459849,1032.50821502,623.423078206,1051.37897248,600.337365666
2024476054,417.834485031,-93.2569603699,2024479852,1035.47856646,623.3777744409999,1054.40590864,591.792704192
2024491140,421.121893058,-88.8537572374,2024491855,1038.68671925,621.668587191,1053.96650957,590.963775702
2024509089,424.550403445,-83.8910513549,2024511858,1043.96259728,619.168788458,1062.10533822,589.632636189
2024524098,427.65322244,-79.0148813414,2024527861,1045.70039066,608.412898818,1066.56953285,586.666933695
2024542167,430.58354033,-74.0066021877,2024543864,1048.90881924,607.526418781,1071.87024479,579.574162312
2024560132,433.328118932,-68.8832495499,2024563860,1055.62546455,605.084463053,1078.67342664,570.5730347030001
2024575192,435.87818567,-63.6577916198,2024575856,1058.37872087,606.692318868,1081.49359911,566.179320576
2024593170,438.136876009,-58.5566235497,2024595850,1065.57862433,600.801942781,1085.41563968,560.696166149
2024608175,440.392103141,-52.8869310944,2024611845,1064.52636908,601.141366669,1087.5721877,563.48666417
2024626249,442.254079848,-47.6265701248,2024627840,1069.06784174,596.359895319,1095.87117876,547.427044559
2024641210,444.073061826,-41.7802080897,2024643835,1074.11610234,582.355111371,1094.82432114,536.915780737
2024659283,445.528169568,-36.3737039449,2024659831,1077.44771444,573.759429211,1102.19718406,531.2403211559999
2024674289,446.893316346,-30.3821156423,2024675828,1080.41394098,567.929299775,1102.25394701,527.34537446
2024692265,447.927674243,-24.8540261111,2024695824,1082.13348668,554.922222287,1105.66107714,522.47453089
2024707325,448.818684355,-18.7910297592,2024707822,1085.00479808,544.586104584,1105.68739953,519.789018129
2024725290,449.417628897,-13.2059579935,2024727818,1091.05751782,540.487402475,1108.41917384,517.206322149
2024740303,449.833958961,-7.05597511889,2024743814,1088.54460486,541.721741106,1111.37651175,513.759030641
2024758367,449.993097182,-1.43902791322,2024759814,1090.77528636,541.847987759,1117.28978136,506.541234725
2024773340,449.925938016,4.71312173242,2024775815,1087.74778822,524.6525910180001,1120.86378791,495.472311075
2024791400,449.644283295,10.3246237994,2024791816,1089.75768794,512.842582471,1122.76121987,492.88485556800003
2024809387,449.094330348,16.4603014909,2024811818,1093.91659636,516.67049783,1123.06929414,482.37148122900004
2024824461,448.3732775,22.0355887685,2024827819,1093.50440584,516.939943213,1121.0251747000002,482.21458869099996
2024842459,447.348621898,28.0874899619,2024843821,1093.52862145,507.10047749800003,1118.06934898,476.47853966300005
2024857443,446.19896134,33.5699569817,2024859822,1093.03852115,503.980242382,1117.97369708,479.949409835
2024875502,444.706692456,39.5230384833,2024875823,1094.17205828,497.94555974800005,1114.58078956,469.585904122
2024893498,443.136811158,44.8930992514,2024895825,1092.96157642,494.324016158,1114.10290541,469.477225725
2024908475,441.185228413,50.7206938243,2024911826,1089.00171703,487.220946116,1108.40585322,464.990429846
2024926530,439.22071611,55.9140967031,2024927827,1087.31765555,481.70696707400003,1101.43572632,460.62308324800006
2024941541,436.845497548,61.5342937064,2024943828,1081.74482524,469.76808090800006,1095.51341266,457.053696194
2024959565,434.486364712,66.5718284042,2024959829,1080.24585745,464.571361316,1093.69504295,448.714357696
2024974578,431.701308417,71.9756729266,2024975829,1079.57478277,463.02349820300003,1091.70674663,439.219315934
2024992557,428.980581747,76.7994291863,2024995829,1079.15861822,462.338674899,1090.88574257,429.64206717300004
2025007608,425.810092474,81.9593597913,2025007828,1075.92383284,451.205755205,1086.75760428,426.51925464199996
2025025624,422.752169025,86.5449213608,2025027828,1070.52258149,437.93002588900004,1083.66377846,426.227515749
2025040608,419.231711123,91.4245703975,2025043828,1066.25729333,436.82277999800004,1078.69770502,429.03563045199996
2025058627,415.849210576,95.7683949209,2025059828,1068.54957656,445.612741096,1075.68833516,426.40961078199996
2025073632,412.0088193,100.34733746,2025075829,1066.45727203,446.619727352,1073.55689397,419.683400795
2025091653,408.346413285,104.408151919,2025091829,1064.99636709,441.950177694,1072.66383043,412.801015095
2025106661,404.206339209,108.681979244,2025107830,1057.75345266,431.07138386300005,1063.64745707,403.327228445
2025124694,400.304367488,112.435799037,2025127831,1049.85911914,419.66418991,1061.6294235,397.42045545900004
2025142693,395.904389263,116.382726317,2025143832,1046.85050938,418.266971404,1057.53978424,398.168923794
2025157717,391.748987785,119.858255285,2025159832,1040.3814558,408.65251272800003,1052.13635169,402.465637501
2025175729,387.138822637,123.453715449,2025175832,1037.68118959,417.46235237300004,1045.09251528,394.96067447300004
2025190776,382.801909596,126.606649705,2025191832,1032.43044421,412.809353869,1041.46522843,394.710734447
2025208767,377.978103059,129.872992998,2025211832,1030.3972034,413.01655318699994,1043.43575467,376.85047179699995
2025226775,373.482661749,132.705361145,2025227832,1024.4671254,401.60340578800003,1046.08423674,371.88104547
2025241794,368.501366011,135.621878943,2025243832,1021.91076427,394.549908323,1038.7509035,367.29713542699994
2025259814,363.872347915,138.136099292,2025259831,1020.65386414,388.742527232,1032.41520956,369.517949827
2025274823,358.745413631,140.713634565,2025275830,1019.48035954,382.019955504,1021.97444624,368.151140793
2025292853,354.006984664,142.912860637,2025295828,1001.6083933,379.919851589,1012.98021267,364.601345739
2025307886,348.761548738,145.153163211,2025311827,996.476600225,380.57157965199997,1005.28038922,360.542360694
2025325873,343.947987915,147.037951006,2025327825,988.095750996,384.61349454699996,1000.00748939,358.245919553
2025340893,338.626357697,148.939795276,2025343824,993.008698129,379.305791995,996.387193292,354.684846716
2025358909,333.739234672,150.5250146,2025359822,981.951772142,372.209972739,992.425977651,349.33868245400004
2025373945,328.36646822,152.096495401,2025375823,979.237045842,371.602382294,988.3241507289999,353.308509134
2025391941,323.443567672,153.384482185,2025395824,971.697564138,374.465742986,982.773753831,357.41293223699995
2025406956,318.033176273,154.638086294,2025407825,968.4673934,374.148041846,976.630870429,357.93971563900004
2025424977,313.090751353,155.63953449,2025427827,957.865497668,368.687324671,969.631811665,356.51830387300004
2025439999,307.68241008,156.582650235,2025443828,958.058330446,362.692794084,967.262961773,354.13213344300004
2025459991,302.735006128,157.309176904,2025463829,952.588236791,369.805047297,961.69469562,351.39352867599996
2025475016,297.32127375,157.958669222,2025475831,948.516292515,374.578442776,959.3308067360001,353.08783673199997
2025493061,292.386655504,158.421062591,2025495832,942.109323171,380.297551838,955.658550178,352.57926341800004
2025508049,286.996772608,158.787728945,2025511834,938.284165941,380.55702744,947.633162325,356.935416906
2025526061,282.093808467,158.998019863,2025527835,928.888733737,380.618614042,941.6433829389999,355.471819946
2025541079,276.750506648,159.095724075,2025543836,930.021911729,380.537574679,938.269274305,357.049905758
2025559096,271.878637482,159.067055555,2025559838,924.459007534,375.722243055,935.7491566,356.121162552
2025574105,266.583653839,158.910261598,2025575837,914.689140486,368.758272378,930.7368926060001,359.634710784
2025592131,261.776693821,158.655936673,2025595834,899.571075311,367.57573549,924.937093772,360.915305515
2025607144,256.54296762,158.259170037,2025607832,897.444097616,371.769826711,920.9166516810001,360.540140786
2025625166,251.781573216,157.790680989,2025627828,898.139783835,377.509979925,910.836240215,354.82689069099996
2025640174,246.619309759,157.167988996,2025643826,893.119411226,372.962872515,906.108916789,354.629140509
2025658188,241.937767877,156.500797009,2025659824,885.889746676,365.24075615699996,903.158311362,353.158768174
2025673205,236.848791638,155.665680993,2025675822,878.552839252,362.992448611,896.3266202780001,350.483903136
2025691223,232.238980351,154.810949348,2025691820,876.192867035,365.66671912699996,889.219854303,353.406064683
2025709240,227.23358525,153.777613899,2025711818,869.647656055,371.894906391,882.5424218160001,365.197031288
2025724254,222.702015712,152.747946888,2025727816,863.008248402,378.42609606300005,877.542366065,372.59440469300006
2025742276,217.789139509,151.530891695,2025743814,861.964274885,378.24661063800005,873.15243507,382.612129499
2025757309,213.336906077,150.337652997,2025759812,855.255623185,379.73442234,864.1536708369999,386.44965992199997
2025775301,208.517506693,148.949449392,2025775811,850.400755046,383.95823895300003,859.177534948,389.338309223
2025790324,204.157967115,147.607371019,2025791809,842.597930483,387.322538216,857.33849019,388.672284578
2025808337,199.62864476,146.126268821,2025811807,832.082439001,389.75364051300005,855.751149557,380.814623172
2025826351,195.148351978,144.574291016,2025827806,831.241511306,379.83053295900004,853.0000242780001,376.07143081199996
2025841373,190.514641827,142.878297128,2025843804,831.340114576,372.988555977,847.5783399210001,367.232673275
2025859393,186.317900215,141.262524835,2025859803,828.95953569,373.619862351,841.9878016660001,366.560865144
2025874400,181.779500071,139.429953947,2025875803,826.230194617,379.459756599,837.912975576,361.87518475300004
2025892452,177.682592426,137.699574844,2025895802,825.44030973,382.58677573,831.135437089,364.922105975
2025907435,173.237539062,135.740500953,2025907802,822.136787009,380.765382176,827.6894765339999,367.43997448
2025925449,169.231218028,133.901979593,2025927801,806.696117832,387.302894941,823.2121679239999,364.089198703
2025940464,164.881904482,131.827914711,2025943801,802.336554809,394.057666681,823.564195714,363.235765207
2025958479,160.949254662,129.8825249,2025959800,802.243618612,402.492982438,818.101354984,362.142080114
2025973500,156.696050542,127.703743612,2025975800,796.021029289,403.46337728199995,815.72677639,365.705540674
2025991516,152.852419343,125.667932461,2025991801,791.638663531,407.82036847800003,810.923534638,365.644132709
2026006527,148.68595046,123.389512907,2026007802,785.578547363,410.25288574300004,807.944630989,371.750912588
2026024554,144.922415972,121.267471959,2026027803,778.463744548,419.557285234,802.4343760080001,377.645195654
2026039560,140.850651041,118.903373539,2026039804,772.699996677,423.417675719,796.918053202,383.115159004
2026057576,137.160955386,116.69995769,2026059806,771.233672217,430.873209015,791.433670554,384.193290662
2026075595,133.172772269,114.253078399,2026075807,771.983707218,428.027264576,788.160299611,392.051508505
2026090612,129.567079195,111.982738248,2026091809,765.554960149,427.621441053,788.291372635,398.84161246800005
2026108635,125.834040581,109.574273359,2026111811,759.162548078,431.783257605,783.7695809410001,402.059529488
2026123646,122.133063406,107.128561643,2026123813,757.262403677,429.568810311,780.36258971,404.926999631
2026141655,118.30664861,104.539631941,2026143815,756.214383804,422.91474154699995,778.0532545589999,401.62898494800004
2026159751,114.849753209,102.148304171,2026159817,752.413839507,421.68614460099997,771.146353282,405.453028286
2026174737,111.104301546,99.5016056302,2026175818,746.14865545,430.085758727,766.525704803,409.373446811
2026192711,107.711448849,97.0543966126,2026195818,744.262789455,448.511064261,761.7400196230001,412.029755883
2026207768,104.031400426,94.347138607,2026207818,747.747031823,445.92682746800006,759.315589258,413.320917194
2026225784,100.547466509,91.7339377925,2026227817,745.260611482,444.185101014,754.861534826,415.910142493
2026240752,97.093219764,89.0953345395,2026243817,733.436136273,447.462139588,751.609006191,419.39865756800003
2026258772,93.8299779903,86.5595683976,2026259816,726.055596775,454.99449308699997,747.1784663130001,425.812990039
2026273808,90.2855431037,83.7585443726,2026275814,721.960494861,462.575923073,743.939717497,430.42792572900004
2026291816,87.0716177531,81.1772547264,2026295811,723.741633154,452.230140928,738.207567636,438.362872091
2026306873,83.5903341581,78.337507099,2026307809,725.129403306,445.512068515,737.368504717,440.003874345
2026324840,80.4348450101,75.7249378655,2026327807,725.390757222,438.60675837599996,733.8010902560001,443.45976093400003
2026339851,77.0058262107,72.845157587,2026343805,722.424420319,442.453349072,732.133323745,449.696403785
2026357910,73.8967558496,70.1981905645,2026359803,717.016601951,451.025617362,726.5516749330001,453.65572859199995
2026372883,70.5233426604,67.288500846,2026375801,711.475550546,461.25907083199996,724.160008991,456.306678158
2026390938,67.4580668189,64.6114674833,2026391800,708.317574508,470.68712558699997,718.9506515889999,452.783215531
2026408914,64.1281149239,61.6685711582,2026411803,701.915467306,477.926262703,720.440099208,446.698617175
2026423930,60.9731181378,58.8479758811,2026427805,695.761907263,482.75352657300004,721.505240075,438.11452444599996
2026441991,57.8327227582,56.0102692778,2026443807,694.103937666,488.17547150300004,719.878379468,432.060666491
2026456966,54.8468489427,53.2852827405,2026459809,693.965992773,487.96240061300006,712.457463082,437.102837327
2026475050,51.6039590004,50.2972009299,2026475811,690.900413275,488.001558597,708.2654347710001,450.44576054099997
2026493000,48.6541270933,47.5544386122,2026495814,687.666656823,492.43424979099996,708.7187794539999,454.76044940199995
2026508007,45.4387568855,44.5392371306,2026511816,676.014372617,502.080718244,706.9642621039999,451.84229764599996
2026526071,42.5348682151,41.7943825166,2026527818,675.490540005,508.628924242,703.17497201,448.301885239
2026541048,39.3571818985,38.7684137133,2026543820,674.704472328,510.921684101,694.6203212180001,452.562547895
2026559111,36.4639986507,35.9943036462,2026559822,680.33266538,507.585463974,691.4152616189999,458.56672459199996
2026574113,33.3167129208,32.9573190206,2026575824,682.403047454,510.39991443,687.306064057,464.94504455699996
2026592096,30.4474622207,30.1724332714,2026595825,677.867496818,516.5061822819999,682.904615798,472.61019621699995
2026607149,27.3236226753,27.124339104,2026607826,670.831315833,518.981788819,680.576613934,480.51453444599997
2026625125,24.4752266143,24.3316887186,2026627827,664.87420045,522.494446779,682.491779987,483.805080238
2026640137,21.361818944,21.2661866891,2026643828,662.154340301,526.645064231,681.429389077,481.561265246
2026658200,18.5336466109,18.4710876777,2026659828,659.789066299,532.981756044,679.732392033,483.00226056699995
2026673175,15.4380941415,15.4018816618,2026675827,657.294118852,535.422084824,675.905478891,482.464805151
2026691230,12.6130695093,12.5932977055,2026691826,652.452307092,534.592625182,674.623964347,484.880160374
2026706247,9.52775755363,9.51922667385,2026707825,647.390293747,534.215429977,669.605154334,489.420153777
2026724220,6.71511135666,6.7121227091,2026727824,649.73117359,536.35707577,669.761025063,495.412885711
2026742283,3.63591230716,3.63543767176,2026743823,649.320427016,540.912662415,668.422823908,502.369915819
2026757251,0.824685960558,0.824680421111,2026759822,648.211300681,546.945923746,666.073400621,505.314640165
2026775318,-2.2530672515,-2.25295429928,2026775821,644.95540247,549.5878277769999,665.9233435780001,506.848154827
2026790306,-5.06667167393,-5.06538754641,2026791820,637.394049991,546.972436651,660.452247323,507.56084377
2026808302,-8.01467645405,-8.00959661351,2026811824,634.585684857,544.382000888,654.351607476,513.709660353
2026826315,-10.9665358696,-10.9535329455,2026827828,637.73273249,543.32413986,653.900279253,515.314533162
2026841333,-14.0495145515,-14.0222044805,2026843831,642.263662343,546.8957746,655.8456271169999,517.271419362
2026859401,-16.8743049899,-16.8270487971,2026859834,640.847803116,557.867270389,651.480464558,516.390887279
2026874409,-19.9751070913,-19.8968504864,2026875838,629.841023924,571.6352022230001,643.098752073,516.255316171
2026892384,-22.8075161674,-22.6912324223,2026895842,624.890936957,579.897141717,641.751702034,520.956820456
2026907450,-25.9221308113,-25.7517822496,2026907844,629.038864833,576.156648856,642.163525997,524.4432535230001
2026925457,-28.7730519506,-28.5406156955,2026927849,623.668664347,571.035812596,635.6554389180001,532.580569544
2026940426,-31.9072300251,-31.5911303572,2026943852,615.6253014,575.252753214,629.41528051,538.678151465
2026958488,-34.7792272042,-34.370977697,2026959855,609.27286867,578.717558902,627.70560909,544.731273351
2026973461,-37.9375175231,-37.4093719531,2026975859,608.69925842,585.634428685,628.46223982,553.356544893
2026991528,-40.8312159017,-40.174881558,2026991862,602.391734976,589.80076032,627.025838639,552.660306546
2027006532,-44.0163427914,-43.1972297748,2027007859,603.689546544,596.113314557,622.545417851,557.609197206
2027024517,-46.9380757172,-45.9484483342,2027027852,598.459913977,601.065866232,611.206017376,551.703046572
2027039569,-50.1561467797,-48.9538941121,2027039848,593.095021897,599.121805764,612.695613868,550.777779954
2027057557,-53.1114413445,-51.6898502593,2027059840,586.459498312,588.667602259,607.108491234,551.176528628
2027072556,-56.3660343924,-54.6749461194,2027075833,585.944085677,589.069666127,607.947695781,551.0902171509999
2027090618,-59.3558749206,-57.3903020008,2027091826,589.755247631,597.296638619,605.7135622000001,551.674538994
2027108593,-62.6479835898,-60.3491711706,2027111817,584.634584047,604.342889609,599.353587478,557.594601677
2027123649,-65.6800489462,-63.0445454358,2027123812,577.262721064,604.684590491,597.481191745,561.70357346
2027141665,-69.0205418346,-65.9799275784,2027143803,580.598120011,603.540295016,596.7670887869999,567.992498618
2027156646,-72.0898324961,-68.644467227,2027159796,578.442155047,608.527221589,596.8456843609999,568.840425904
2027174655,-75.484556178,-71.554209112,2027175789,576.301823922,614.028999244,594.018798369,571.213961393
2027192680,-78.5984773827,-74.1879284673,2027195780,570.572452964,618.026326502,592.313075431,576.152282982
2027207685,-82.0369549282,-77.0559347032,2027207777,569.851941767,619.426776486,593.63346949,573.9587850319999
2027225706,-85.2125153125,-79.6663570356,2027227774,564.273737076,620.376567434,589.622874297,572.671597258
2027240722,-88.7078829734,-82.496320331,2027243772,558.238872311,625.501782587,586.517533819,572.601509521
2027258737,-91.929338893,-85.0635780443,2027259773,550.909973973,628.158804014,582.177716805,575.727223079
2027273754,-95.4966238813,-87.8598619388,2027275777,544.455550853,627.649281989,582.793450404,573.457627613
2027291784,-98.7739366812,-90.3850803749,2027295783,531.778329071,627.673865935,553.498110094,570.990190729
2027306781,-102.407563701,-93.1351883129,2027307786,531.354966756,631.84987124,546.721897317,570.494819636
2027324804,-105.744151012,-95.6139522752,2027327791,529.654053153,631.5389874719999,543.601333397,575.365836932
2027339813,-109.438421691,-98.3059086939,2027343796,532.314587962,625.8432398819999,543.8112976269999,576.573681125
2027357839,-112.84778598,-100.740814469,2027359800,529.662513824,621.958172571,546.16312777,581.021041635
2027372848,-116.617905319,-103.377628928,2027375804,521.318907314,626.1957541630001,543.440637394,584.233480906
2027390863,-120.090374608,-105.754098703,2027391809,516.032318676,635.8499844090001,536.652153113,586.609914315
2027405882,-123.934717072,-108.326333201,2027407812,508.80105932,643.67299478,533.132061968,587.782073833
2027423899,-127.491874633,-110.651127851,2027427814,504.07193022,646.0605658769999,532.474370671,593.681711248
2027441930,-131.413281106,-113.152091203,2027443815,502.164497687,643.078938978,531.2697247980001,602.9975199959999
2027456939,-135.036064312,-115.404687714,2027459816,502.754869473,640.964713761,533.541270211,607.705454068
2027474945,-139.049899966,-117.835253873,2027475816,498.507410604,641.00921305,534.882805799,611.566171287
2027489967,-142.748954274,-120.01436283,2027491817,496.191000786,640.009173411,531.095236826,615.062700144
2027507986,-146.841465059,-122.357094244,2027511817,492.034407053,643.625398996,522.4160487219999,612.976963911
2027526001,-150.628817138,-124.461228273,2027527818,491.03539848,654.773974918,513.608510411,618.982288675
2027541018,-154.807292649,-126.711274402,2027543818,490.879367114,664.752140536,508.967678645,620.367090472
2027559056,-158.695289127,-128.73757151,2027559819,489.614781236,669.892158001,503.564118034,622.806942827
2027574039,-162.955040299,-130.883047708,2027575819,487.535254015,665.897996331,501.1387864,622.79009117
2027592086,-166.90103606,-132.800897614,2027595820,488.03482339,658.935157406,496.803542825,620.719687089
2027607071,-171.283844187,-134.852563704,2027607820,487.044908043,657.779705221,491.597652285,625.862337314
2027625092,-175.312992413,-136.665793929,2027627823,480.404422475,664.401081103,488.376824946,637.101344928
2027640130,-179.780753817,-138.594777306,2027643826,471.373919271,667.097625493,492.65738901,639.51795402
2027658119,-183.901784609,-140.297943154,2027659827,461.211012086,671.402013754,497.055348594,631.046735651
2027673149,-188.459126257,-142.096376655,2027675827,454.691453722,670.16091128,490.768044261,627.728994119
2027691152,-192.672192738,-143.679479913,2027691827,445.522796747,668.197874807,482.757468818,623.780155982
2027706167,-197.329567882,-145.340659576,2027707827,444.630282836,670.991041211,480.96667997300005,622.706342952
2027724188,-201.632916457,-146.792571911,2027727827,446.443468465,680.720906815,481.79874066400004,622.078462195
2027739201,-206.380377609,-148.301777301,2027739827,449.490037494,686.436155674,475.213629635,622.832698179
2027757227,-210.765449723,-149.60943826,2027759827,448.14913335,686.223956057,473.276690608,619.81617648
2027775234,-215.607098883,-150.956800403,2027775827,443.102427109,682.467433978,466.634841491,621.313746184
2027790253,-220.082160544,-152.111961375,2027791827,435.632554685,683.6564594280001,446.09701014,625.651768825
2027808270,-225.013261345,-153.284269741,2027811827,426.893770345,687.602939657,439.77125111099997,637.427480029
2027823282,-229.574080411,-154.274407713,2027823829,421.57043459,687.965970362,437.47673875,641.43362405
2027841304,-234.590267232,-155.258555035,2027843832,412.971856121,684.91863849,440.208562617,642.043969908
2027859317,-239.228423169,-156.070388543,2027859833,406.92686158,681.46537636,442.245344107,641.12850085
2027874328,-244.32677755,-156.853406119,2027875834,401.251126008,676.344072612,436.448291146,643.641264645
2027892351,-249.028186883,-157.473356765,2027895835,396.210813527,674.666360976,422.61955023,647.990716351
2027907359,-254.216029962,-158.042957296,2027907836,394.37117555,677.410451651,419.91273580800004,646.423285947
2027925397,-258.978896495,-158.459303274,2027927837,392.903950466,691.0684755110001,413.129975058,645.400364605
2027940394,-264.234147216,-158.799193773,2027943838,387.803817488,696.8043849160001,415.015843395,644.324993413
2027958411,-269.05522553,-158.999631441,2027959839,376.996612957,696.8926462210001,411.947797095,648.819020011
2027973422,-274.369378135,-159.095645382,2027975839,371.548728639,697.622490756,410.19648964199996,650.467197683
2027991447,-279.24032581,-159.06712385,2027991840,367.515692374,692.3807441460001,403.504754887,647.97985135
2028006458,-284.60316066,-158.904934142,2028007841,369.285801149,688.203675372,392.71615983199996,643.24853918
2028024480,-289.52007991,-158.633887994,2028027843,373.560398226,685.976992394,384.819088564,636.434125754
2028039488,-294.904813039,-158.200384435,2028039844,377.030013574,686.611797704,377.22494196099996,630.5267117569999
2028057508,-299.844449947,-157.674663834,2028059848,372.429907138,688.8827017389999,371.60815196199997,624.59808608
2028072534,-305.261318016,-156.954244991,2028075852,361.969194029,690.9148997939999,366.04830426,626.333079193
2028090539,-310.212646815,-156.161021889,2028091857,350.895377586,695.350763503,365.42195962,627.049631987
2028108564,-315.627018588,-155.142516451,2028111862,336.071802807,699.569833939,363.37271706300004,630.108148046
2028123571,-320.564639507,-154.072307934,2028123866,317.197284422,700.602261349,339.009279717,628.501593985
2028141614,-325.958439542,-152.744346619,2028143871,292.769572979,701.2431684339999,314.821999317,633.84192583
2028156615,-330.878908393,-151.383539606,2028159876,272.291071113,699.1214229189999,304.60653926099997,634.851791036
2028174619,-336.249366112,-149.729715076,2028175880,263.34548695,696.941538244,301.767476848,630.947108925
2028189645,-341.112266724,-148.074633866,2028191885,253.857053251,695.544254283,292.322888723,625.334971271
2028207651,-346.410229685,-146.093812459,2028207889,252.041200855,693.94531652,278.88005837599997,621.280421186
2028225668,-351.225180525,-144.125733351,2028227894,257.454160156,693.767965797,267.677376999,616.478885956
2028240678,-356.428763864,-141.810215201,2028243897,257.725262936,689.349382665,264.17061528700003,615.364781756
2028258743,-361.141824867,-139.53515886,2028259897,261.032890057,676.613510659,270.679824439,613.675793065
2028273755,-366.239394945,-136.873309238,2028275893,269.970345329,674.608621318,277.512199523,610.05316669
2028291789,-371.050209831,-134.157748492,2028291889,273.019151425,673.2510021209999,289.54655404,615.278746021
2028306793,-375.803063498,-131.26796255,2028307885,268.186620836,668.74283763,291.513265263,620.131573675
2028324771,-380.244989513,-128.368353263,2028327880,262.266622189,660.686916998,289.295055833,620.513149265
2028339803,-385.045073272,-125.002495287,2028339877,257.895898314,657.92108065,282.94894973099997,615.986253847
2028357840,-389.308745138,-121.794008543,2028359871,252.170446217,655.075587253,275.917624618,607.142265313
2028372814,-393.890244086,-118.096451375,2028375867,244.835290897,650.8297467909999,275.000995992,600.829454638
2028390873,-397.968033927,-114.567395462,2028391863,238.915852014,642.713188404,268.57725376,597.963681084
2028405883,-402.320663251,-110.527470288,2028407859,244.132703321,637.02455437,260.980652183,595.6738883180001
2028423862,-406.161803403,-106.702755711,2028427855,238.136123806,630.053291615,262.26157632,591.864469223
2028438919,-410.232929189,-102.35136005,2028439855,240.740900732,630.109123685,256.58614197599996,590.668211116
2028456918,-413.82025626,-98.2311240654,2028459856,238.523427834,629.400894376,253.09467174,588.101829104
2028474951,-417.59194328,-93.5694522089,2028475858,231.677191464,626.879265099,250.048941084,589.557455523
2028489964,-420.889020452,-89.1764595392,2028491860,223.50907132,625.418496011,247.004809925,589.955475727
2028507940,-424.327485613,-84.226482358,2028511863,219.108652036,626.349868453,239.051630315,579.6972059369999
2028523004,-427.311854764,-79.5713998064,2028523864,222.750402703,627.252643279,236.433673327,574.512252752
2028540998,-430.387814323,-74.3549347243,2028543867,221.992611824,624.729120018,233.041823442,565.653963287
2028559036,-433.024100568,-69.4742775341,2028559869,214.852589597,619.089367675,226.968786745,562.728156777
2028574045,-435.708718554,-64.0211819058,2028575871,207.974281654,616.548361568,217.99478672900003,559.0634905530001
2028592023,-437.975600622,-58.9381378362,2028595873,204.693456844,610.588039631,213.486503275,558.1581184730001
2028607090,-440.2504543,-53.2633950616,2028607875,207.235652118,609.9729187180001,216.01383379599997,559.067579965
2028625054,-442.127696817,-48.003967313,2028627877,207.54876356,601.657911249,225.83341625900002,560.189639728
2028640070,-443.963191949,-42.1584085954,2028643869,205.850958125,590.854952914,221.95138424400002,560.447227087
2028658125,-445.429971616,-36.7652620453,2028659861,200.263090181,579.0352926959999,213.034708738,550.522534262
2028673104,-446.809356764,-30.785899982,2028675853,192.71590974,571.36774205,207.485166867,539.641192556
2028691163,-447.85835845,-25.2635514102,2028691845,188.788013115,561.6831570730001,206.46845404599998,534.153056907
2028706176,-448.767785913,-19.1900656413,2028707837,192.138605741,556.226271239,207.17610709599998,530.5052462159999
2028724150,-449.382189524,-13.6010941066,2028727828,200.177162682,549.119091972,202.90736398099997,514.980700244
2028739209,-449.814218955,-7.46340114214,2028739822,203.076115519,546.249666812,199.799946903,502.398759746
2028757184,-449.98857919,-1.8509787146,2028759812,199.471765631,538.213640852,193.74418160099998,492.367988888
2028772194,-449.938296035,4.30205348088,2028775804,198.681676935,533.8589662219999,193.841286069,489.99680051400003
2028790255,-449.671864806,9.91669634502,2028791796,199.169559089,526.399066225,196.412941948,487.337971897
2028808227,-449.138154358,16.0582075311,2028811787,201.909434466,515.47098966,199.79891233599997,483.77159232900004
2028823293,-448.432962459,21.6295658134,2028823781,202.413630676,505.494141603,200.443033423,475.055543934
2028841259,-447.424833819,27.6841489896,2028843774,200.59051371,496.209118425,203.415936525,465.338553918
2028856277,-446.289037059,33.1744669843,2028859774,197.534356661,494.14374027199995,202.461165282,455.17635218099997
2028874334,-444.8119962,39.1343854567,2028875777,196.537820404,496.820671804,200.647328097,451.28691739699997
2028892314,-443.257096845,44.5063765643,2028895781,191.5550312,497.19658472599997,204.595784882,450.121592965
2028907373,-441.330187399,50.3134466665,2028907783,189.289903989,494.368190475,208.891293518,448.647431845
2028925392,-439.369695371,55.5395178868,2028927787,186.364388983,483.969828894,213.05713379,446.94282785400003
2028940372,-437.010321991,61.1637080343,2028943791,188.255184323,471.30530401199997,207.55571600099998,444.67771284400004
2028957426,-434.664954048,66.2065954251,2028959794,190.786807713,463.150510723,210.372373917,444.95794317599996
2028972386,-431.893828871,71.6184439838,2028975797,195.235473239,461.217333065,210.614762955,445.74801712699997
2028990460,-429.184658672,76.4512456016,2028991800,198.376969849,459.369036227,210.116566571,444.172149001
2029005421,-426.027284254,81.6198867402,2029007803,200.888116356,459.408781868,210.349132682,440.0864318
2029023487,-422.982248199,86.2118342062,2029023807,203.662714696,459.27791807,211.786881521,434.56899330199997
2029041498,-419.469276596,91.1074094202,2029043810,206.59148751,454.68678044800004,214.80400421099998,424.34348585699996
2029056474,-416.108895834,95.4457759987,2029059812,211.783158073,445.545825383,222.387143957,418.230507456
2029074537,-412.272436753,100.043998817,2029075811,214.92342787,438.9398694,227.08968770599998,416.37323321699995
2029089543,-408.624792662,104.10914712,2029091811,216.551408979,437.17993439699995,227.444430512,417.67014946800003
2029107568,-404.488761534,108.400324534,2029107811,219.770814956,436.486331997,229.51205770200002,416.643140749
2029125555,-400.59877356,112.161215234,2029127810,224.610923325,435.31714440699994,237.929644254,406.99489950699996
2029140550,-396.202922386,116.123905637,2029143810,229.610733081,431.987761767,241.70297942599998,403.254072981
2029158615,-392.076082122,119.593023,2029159809,239.4729167,424.638643432,250.819177279,405.633853326
2029173584,-387.456198637,123.214485434,2029175809,247.763638187,418.228256171,254.12617132900002,406.34235814
2029191651,-383.137540698,126.370173628,2029191809,256.73319063,410.60966717199994,255.621053425,403.40017232599996
2029206659,-378.311724659,129.654846925,2029207808,255.934752709,404.917014441,260.53628329599997,398.55519569800003
2029224633,-373.830932681,132.49289732,2029227808,257.02718415,401.25334166199997,263.482220243,394.40978023400004
2029239648,-368.840467902,135.430425936,2029239808,262.712930826,399.33175241,264.61276937,392.24546362300003
2029257689,-364.208839515,137.959449896,2029259809,262.978207385,396.60717588,269.647622678,387.048737401
2029272687,-359.086011332,140.548903443,2029275813,262.666428878,395.63026074199996,270.78224565799997,383.122108333
2029290699,-354.350542108,142.759114411,2029291817,267.731018151,395.088786066,276.035107954,386.23245027699994
2029305710,-349.116757514,145.007692147,2029307821,280.541529508,395.443264311,278.73689489099996,391.256240971
2029323733,-344.293244526,146.908051199,2029323825,287.324402031,394.022422652,281.503688982,393.55746616
2029338748,-338.983158049,148.818091069,2029339829,288.110875481,395.30960053300004,283.86264437,393.145354433
2029356771,-334.089408865,150.4164356,2029359833,292.999416744,396.444691963,295.470221602,388.61190241099996
2029374777,-328.721833115,151.99796292,2029375837,301.938783844,398.189035232,303.104321591,383.711969271
2029389802,-323.789206589,153.298689569,2029391841,309.398273545,402.331972535,307.77623011099996,380.707044213
2029407810,-318.394927028,154.559450021,2029407845,314.09430624,407.386692785,313.124583827,375.350482134
2029422829,-313.44403662,155.572419467,2029423849,322.499140258,413.35292408,319.760798398,372.138660627
2029440849,-308.038781785,156.525333249,2029443854,330.745753345,413.230995791,325.040861663,372.629963238
2029458867,-303.083737499,157.262161716,2029459852,332.291857919,406.87722517,326.228969554,365.955899428
2029473881,-297.677611658,157.920526292,2029475847,333.793271563,402.12967187699996,334.821117657,364.611759215
2029491901,-292.738821012,158.392105185,2029495840,339.089592661,392.550110692,347.17021820599996,363.73348458699996
2029506907,-287.356053212,158.767728097,2029507836,339.36842012,392.371414355,346.47519570800006,364.93700171
2029524926,-282.453105297,158.986552774,2029527830,338.784568461,389.58506739300003,348.20557838900004,368.072191583
2029539942,-277.103190268,159.09345998,2029543824,343.044223716,393.480359056,357.87976117,370.35890077
2029557955,-272.232153595,159.07288134,2029559819,352.970858935,393.147067085,363.7133869,377.041919011
2029572980,-266.941000752,158.924928137,2029575814,358.848970998,395.06361948,366.82376139300004,379.567003142
2029592988,-262.121333657,158.677691806,2029595807,365.072301051,396.68335502400004,374.75441367300004,384.627973161
2029608007,-256.878352179,158.288318715,2029611802,370.001415409,398.004238906,377.169363024,385.296814216
2029623023,-252.125639611,157.827949501,2029623798,377.684431874,396.31558689800005,379.629148312,384.829870593
2029641060,-246.956682179,157.212312671,2029643792,381.36880066,397.990140106,381.634951067,378.941256579
2029656063,-242.269451211,156.551261788,2029659793,376.241084255,395.83640479900004,384.998122029,374.38629949
2029674082,-237.19089278,155.725395506,2029675798,375.63571248,391.27559589,390.55828895400003,375.940717835
2029692095,-232.557846541,154.873069288,2029695805,379.856039619,390.375909309,397.914501412,374.538623554
2029707098,-227.559849702,153.848299226,2029707809,382.453853545,397.486496327,401.51223477599996,374.459051111
2029725123,-223.026404953,152.824621444,2029727815,387.139436921,408.99993533800006,408.123385228,370.15028173300004
2029740133,-218.119548679,151.616024795,2029743821,392.709367835,412.889450474,416.770785505,369.337033678
2029758158,-213.660392399,150.427238447,2029759826,399.123583777,410.44969634,423.200787602,363.30765682699996
2029773172,-208.835633423,149.044175187,2029775831,409.90300558,409.721171856,426.93284761800004,362.057804747
2029791188,-204.470399966,147.706278789,2029791837,419.884848224,410.63828954699994,434.601540796,366.698015045
2029806203,-199.737057204,146.162752178,2029807842,421.772314819,414.643826169,444.322774929,370.44345848
2029824225,-195.457729998,144.684236937,2029827849,423.532632054,414.745619538,454.38480085699996,372.79184632
2029839235,-190.814594926,142.990879963,2029839853,424.932205634,414.433404016,461.211738552,373.48563557
2029857254,-186.620238731,141.381459387,2029859876,441.740254621,411.783056011,463.218399891,374.976318652
2029872268,-182.087740446,139.557223066,2029875914,455.094246182,412.061121814,462.56896718300004,375.381551254
2029890278,-177.979612712,137.827452084,2029891952,454.069518369,413.232210895,468.218112135,375.306283431
2029905298,-173.533342203,135.873509998,2029907990,453.188329316,412.834311221,473.825646657,365.272870181
2029923315,-169.515566613,134.034744407,2029924028,458.29662214,414.621565946,482.275320337,366.03043349300003
2029941389,-165.16454068,131.965167154,2029944075,466.940075272,421.512955323,492.11796814699994,361.949616484
2029958328,-161.21694984,130.017056193,2029960113,464.045060866,422.91525834099997,494.612029898,361.37012239300003
2029973359,-156.978709386,127.850951803,2029976151,464.625035232,420.32277161699994,495.186472798,355.64121920900004
2029991399,-153.129774231,125.816959091,2029992189,470.998959789,421.403219101,499.015745579,358.7021185
2030006387,-148.951794577,123.537112387,2030008227,476.617461184,423.665078384,505.325507556,370.28917119199997
2030024413,-145.199334518,121.425677729,2030028275,483.384298985,431.345555724,509.57046265699995,376.951351215
2030039418,-141.119184613,119.061468728,2030040303,486.555909435,437.893146578,509.052056185,377.475529864
2030057463,-137.425057456,116.859603182,2030060324,489.281317723,443.973754424,514.263204641,384.542359735
2030072455,-133.44181131,114.420269343,2030076295,493.647043277,447.056093762,516.074250042,389.820155925
2030090466,-129.826307044,112.147799586,2030092267,500.799911987,448.27329809800005,522.041707121,394.41247368
2030105480,-125.925842669,109.634206826,2030108239,506.43531839,446.127781886,525.045603893,390.56672921
2030123501,-122.392008555,107.301550657,2030124211,509.353785896,444.38417909300006,529.890542564,390.388023239
2030138515,-118.554393364,104.709104297,2030140183,508.101845538,445.61432595199994,532.105329296,383.708064956
2030156532,-115.098524086,102.32204709,2030160147,510.916802013,451.59630565699996,537.6096948730001,392.55171732400004
2030174553,-111.346367756,99.6744043843,2030176119,511.26083438,458.348981384,545.322942311,393.08383537599997
2030189580,-107.947587067,97.2262395071,2030192091,511.736805112,465.27109632300005,543.712765655,392.52250899300003
2030207586,-104.270626588,94.5247896674,2030208063,516.305998034,466.588252077,547.387029683,396.969958173
2030222602,-100.938360197,92.029551563,2030224034,523.563775705,465.257525154,550.079978083,401.043350672
2030240617,-97.3276198908,89.2758756954,2030243999,536.788257314,464.996565145,556.0604525130001,398.80426741900004
2030258634,-94.05776985,86.7379254463,2030259985,540.686544337,466.642457099,556.896097274,397.233251015
2030273643,-90.5153369487,83.9416027879,2030275978,541.946745621,465.431607383,560.729270566,401.7965702
2030291680,-87.3042160004,81.3653773109,2030291970,541.350861349,468.07441473800003,568.761107577,417.064490664
2030306675,-83.8120568554,78.5197104991,2030307963,546.584276934,472.582983282,574.034971721,416.17291404300005
2030324705,-80.655463968,75.9087756507,2030327954,555.438471652,482.296855709,579.129069942,409.677217389
2030339757,-77.2266863869,73.0319025754,2030339948,559.559730737,480.803325809,579.77453184,414.511986602
2030357766,-74.1191000307,70.3886035355,2030359939,562.442091041,476.98378653099996,583.106730295,426.55920737199995
2030372737,-70.7402837467,67.4767803026,2030375931,560.10545012,477.42021488800003,583.973781005,433.18174269800005
2030390804,-67.6791442044,64.8055798596,2030391924,560.038171004,482.547636245,586.04540535,438.479825796
2030405816,-64.3529621842,61.8683990129,2030407916,560.097010287,488.470269304,588.1678519019999,439.51286062099996
2030423841,-61.3290074592,59.1676840674,2030423909,561.777818714,491.533341021,591.713612119,444.317212884
2030438853,-58.0486254986,56.2063031543,2030439901,563.298468674,497.359677109,598.386098855,449.68227
2030456821,-55.0661246736,53.4862699043,2030459894,563.630387924,506.59966331199996,599.991573043,458.44888187699996
2030471891,-51.8213297842,50.4983955126,2030471895,565.82738293,509.52194018800003,607.170119781,459.53352042
2030489900,-48.8740907667,47.7597495517,2030491899,577.09642442,504.69047117900004,615.086212556,464.24366995599996
2030504873,-45.6629636556,44.7503221089,2030507903,583.6828314,506.860680166,618.715577434,470.07321575199995
2030522932,-42.7437751213,41.9925128853,2030523906,588.147143601,515.418357,617.019143271,476.97554379800005
2030540904,-39.5646759728,38.9666848825,2030543910,594.522032725,522.271274666,623.027483454,479.79311045
2030555931,-36.6680687452,36.1905449664,2030559913,600.208935972,526.0455151369999,627.805651454,479.50236458800003
2030573977,-33.5241550364,33.1580787657,2030575916,603.959321125,527.688502596,630.306987251,477.643490443
2030588951,-30.6581278387,30.3774025584,2030591919,609.08159551,528.269010226,634.0835729080001,476.786016702
2030607007,-27.5303493728,27.3265416938,2030607922,606.609805309,529.358349308,635.676340097,478.720732379
2030624988,-24.6792814486,24.5321448866,2030627926,603.59867685,530.221818814,642.257931058,484.020795024
2030640002,-21.5703826282,21.4719347272,2030643929,605.450728931,531.787302376,643.401255975,484.71282990599997
2030658068,-18.7354757543,18.6708578304,2030659931,608.112514047,538.412907185,645.867857176,487.645950021
2030673072,-15.6415277195,15.6038682376,2030675931,608.737717265,542.967965811,647.769379324,490.477620805
2030691097,-12.8190094203,12.7982548476,2030691932,610.216576823,548.878227346,650.44589148,493.78177503
2030706108,-9.7347281028,9.72562964823,2030707933,617.484082466,552.134093434,648.406778433,494.26512261
2030724080,-6.91525205913,6.91198827397,2030727933,622.988583498,554.34364744,652.9862230159999,500.08424687800004
2030739138,-3.83602533948,3.8354679552,2030739934,624.684037955,555.745561154,654.812293154,502.84777738900004
2036288487.0,2.94350947195,-2.94325761987,2036292067,648.032608902,533.283569791,663.98017587,508.98439616800005
2036303474,5.90303826604,-5.90100774409,2036304068,646.496412919,534.016775246,659.730810859,511.760481401
2036321490,8.70824426697,-8.70172934166,2036324069,648.175640372,534.371408739,663.889214779,505.94919807800005
2036339502,11.8169422342,-11.8006783671,2036340069,647.977959528,538.458810092,657.0086389080001,510.18125348800004
2036354519,14.615778975,-14.5850391774,2036356070,648.285991653,536.965771545,657.8209919130001,515.938834958
2036372535,17.7031594914,-17.6486150242,2036376071,648.731080337,533.117447409,656.543553236,525.000502579
2036387550,20.5383672559,-20.4533305481,2036388071,648.286189921,533.831158774,656.507956581,522.481169426
2036405571,23.643903071,-23.5144248502,2036408072,648.569313017,532.508352362,657.6062134690001,516.773993914
2036420590,26.4913561147,-26.3096159053,2036424073,646.011375722,534.852475296,654.105903093,514.9450701330001
2036438595,29.6120638007,-29.3588746399,2036440074,650.469275303,534.4839688659999,653.276448308,514.1793193340001
2036456622,32.4807153416,-32.147439866,2036460075,650.413917357,535.3561954219999,655.827472916,519.831887745
2036471634,35.6257273207,-35.1873097636,2036472075,650.047347688,532.939015711,656.536677156,518.568860957
2036489648,38.5205946822,-37.9680701774,2036492075,652.167247778,535.093289511,658.48202368,518.523405349
2036504662,41.6879719325,-40.9901436539,2036508075,655.799501544,533.54551859,660.106801664,516.326360682
2036522677,44.6001681681,-43.748642416,2036524075,652.953948076,534.385091331,664.570546768,521.394711526
2036537696,47.802610321,-46.7584716623,2036540074,656.609702427,531.895312379,666.157075957,523.121010116
2036557685,50.7492628378,-49.5048751311,2036560074,682.787249022,551.8967523919999,699.106895706,531.666999135
2036570731,53.9861589057,-52.495066988,2036572074,699.266916199,546.154809697,710.415692613,540.4421399419999
2036588749,56.9632086572,-55.2193899944,2036592074,705.117283821,554.033740984,711.956880555,549.730182083
2036603757,60.2350536745,-58.1837157146,2036604074,707.972774025,554.672995646,712.717564912,552.8631499530001
2036621774,63.24937384,-60.8860824376,2036624075,716.454454694,564.348615752,718.545987783,561.216097287
2036636794,66.6800305116,-63.9270629331,2036640076,718.896824055,573.960743129,726.5744218369999,565.719983821
2036654848,69.6279820696,-66.5097657734,2036656076,721.196817294,579.23728994,726.019590263,568.926226795
2036669864,72.9981513837,-69.4269026439,2036672076,724.013187676,580.987677705,728.303751485,571.324438632
2036687885,76.0963462467,-72.0743496649,2036688076,729.770980607,583.674425205,731.7124238680001,575.627070572
2036705893,79.5130593199,-74.9549317545,2036708076,732.267237351,580.1909196390001,735.744582637,579.163801632
2036720899,82.6616496827,-77.5723846822,2036724077,735.219529683,579.88244602,740.870599448,588.939995573
2036738933,86.1374130887,-80.4196379064,2036740077,740.17590486,584.093914696,741.140884629,586.575059181
2036753949,89.3402513496,-83.0033892261,2036756077,743.443738901,584.533120819,743.810634336,587.79431501
2036771985,92.8749723403,-85.8096282198,2036772077,744.612548615,588.280056673,744.813607458,594.8722468359999
2036789981,96.1365389461,-88.3562374945,2036792077,743.874837576,597.174072147,744.979591955,601.942289779
2036804953,99.7393202445,-91.1208497189,2036808076,745.317034761,602.519718541,745.594510775,604.1641179999999
2036823012,103.056317037,-93.6206544677,2036824074,748.034342918,608.3136310919999,748.096448639,613.4381361009999
2036838026,106.840211381,-96.4184178886,2036840073,753.888940858,606.222026793,753.765208555,602.6417726990001
2036856066,110.110911291,-98.7899597445,2036856071,757.745078743,607.871918455,759.5482529489999,612.1698654859999
2036871063,113.844841193,-101.443864724,2036872075,758.830007917,614.017340178,759.608797419,609.554914471
2036889033,117.306466168,-103.852850074,2036892080,760.589313983,621.452073222,760.9135727610001,610.4227256319999
2036904058,121.128785456,-106.454994646,2036904083,761.748454076,622.750257176,762.062443666,607.497036138
2036922107,124.6331987,-108.787030512,2036924087,768.775629952,617.180347442,763.488069959,615.0761501759999
2036937077,128.526734201,-111.317447671,2036940091,769.243672103,618.486044878,769.320637106,631.6569027119999
2036955139,132.122403874,-113.597398785,2036956095,774.645075629,626.499415806,771.8683420230001,641.532213223
2036970155,136.103349001,-116.057674746,2036972098,780.326275971,626.787802031,773.533437561,640.061505596
2036988128,139.772836543,-118.265728143,2036992103,789.163482514,621.0867635,775.884201082,633.74189131
2037003207,143.832397547,-120.641547757,2037004106,791.707311787,619.922224291,778.435805224,628.606479138
2037021165,147.583446298,-122.774157937,2037024109,793.355394378,622.885839861,782.324122835,639.445181697
2037039221,151.735265505,-125.064327301,2037040112,792.520866273,622.2246123159999,784.6173709669999,644.71111591
2037054241,155.567698109,-127.112680492,2037056114,795.153929704,625.836327113,791.551305928,646.314847978
2037072206,159.809649146,-129.306365015,2037076111,797.593885981,627.372673554,799.2566398380001,650.032431764
2037087264,163.734799379,-131.267337188,2037088110,800.059697528,627.407427279,801.887613142,647.983884979
2037105239,168.065226798,-133.35393195,2037108106,807.113239276,634.230880786,803.442375547,652.8455170880001
2037123294,172.065695148,-135.20987834,2037124104,811.832329731,636.380243523,807.3538899460001,651.662844677
2037138313,176.794027878,-137.314752443,2037140102,812.897584798,637.680045248,809.849367345,653.790465379
2037156291,180.583937341,-138.932452733,2037160099,815.590304804,642.006684615,811.414713209,654.674918351
2037171348,185.11016023,-140.783499385,2037172097,816.63127751,645.783915828,813.359688301,656.114713263
2037189323,189.28573275,-142.413003579,2037192094,823.046530666,652.107076679,823.134462095,661.478659059
2037204333,193.906906126,-144.128966851,2037208092,825.393403596,650.273505907,827.578512222,665.68004825
2037224342,198.169739675,-145.63039011,2037228094,832.087815688,649.7110827719999,834.685424247,667.452009478
2037236364,202.8869144,-147.200653459,2037240095,833.991686076,648.469543157,835.4253399439999,666.845204331
2037254445,207.239265273,-148.564436967,2037256096,839.656543543,647.086988744,837.713861703,667.577240765
2037272397,212.051993866,-149.977347293,2037276098,845.486453735,644.004484123,840.196463675,662.526676328
2037287472,216.492318735,-151.192184663,2037288099,845.429777084,646.934857054,842.9934032880001,665.348102764
2037305432,221.400530607,-152.435726369,2037308102,844.337861806,650.921869005,847.639192426,670.347676423
2037320449,225.912320841,-153.486621154,2037324104,856.930050726,655.753060621,853.35948312,671.667437734
2037338514,230.90626314,-154.546503296,2037340105,861.942921995,659.494605858,857.0908812560001,669.958699571
2037356483,235.5012745,-155.425468621,2037360108,861.024009875,663.06244724,861.7712104789999,670.208540456
2037371539,240.578328839,-156.288883953,2037372109,873.126310243,665.580882008,864.612720128,669.656810098
2037389516,245.253012328,-156.983313526,2037392111,875.488985931,665.170197135,870.5054173689999,673.317551074
2037404526,250.40580718,-157.636362859,2037408113,877.948915793,667.772432835,877.387771636,675.199588513
2037422593,255.147452642,-158.132431911,2037424107,888.880919543,664.645222594,881.5812496089999,678.301174489
2037437559,260.601157252,-158.577657283,2037440100,887.975101775,658.810166751,887.36042229,677.124902291
2037455625,265.179990311,-158.846958124,2037456094,894.466079684,658.612357408,890.134406767,681.3671200480001
2037470634,270.490175574,-159.038533243,2037472088,895.20644186,654.84264644,894.974020031,681.159178226
2037488636,275.328003888,-159.098890493,2037492081,906.676379736,659.902609841,905.068509169,685.431532611
2037503669,280.667669687,-159.037425818,2037504077,911.062654001,654.491290249,906.1674166989999,682.996964603
2037521685,285.565225165,-158.861172783,2037524071,916.645137659,656.719954871,907.6125953310001,685.066576361
2037536655,290.947459372,-158.532997687,2037540065,919.43227905,659.192008871,912.405847696,688.067288056
2037554720,295.878308832,-158.106551222,2037556060,932.130131353,655.04759525,946.65976839,676.67485612
2037569744,301.288462839,-157.497467372,2037572054,950.96797328,641.7898991980001,957.376133644,657.017732305
2037587753,306.234100289,-156.80865905,2037588049,964.433266075,635.40366537,970.547091445,651.63256195
2037605769,311.648907061,-155.906395004,2037608042,970.939912739,637.625843007,982.9130847539999,647.554964099
2037620739,316.595190209,-154.943425297,2037624041,969.411497821,638.5971558269999,986.3351059139999,653.003007436
2037638799,322.000013228,-153.735324551,2037640042,974.439682521,634.123870088,985.1904270160001,650.694437241
2037653776,326.929923571,-152.487121882,2037656042,981.468420849,633.723279471,989.547632909,649.4130341069999
2037671793,332.311074613,-150.959969797,2037672044,986.51202835,634.93394591,991.934185775,649.880217655
2037689814,337.222980158,-149.410532305,2037692047,993.223968618,636.074721674,996.646588028,648.456508046
2037704853,342.535260159,-147.561119838,2037708049,995.514659642,634.506099179,1001.99573212,648.584093446
2037722841,347.593389611,-145.625308066,2037724051,1000.08284141,636.754042625,1007.43326305,645.086445016
2037737853,352.628543847,-143.520946824,2037740053,998.652727928,641.316407268,1012.81834988,641.78896542
2037755880,357.381144703,-141.364415653,2037756055,1001.06839293,642.09962562,1019.30558327,636.547944806
2037770884,362.515632396,-138.83885367,2037772057,1010.45741386,640.297825038,1023.54869177,637.4257500719999
2037788908,367.162406277,-136.368004732,2037792059,1015.73105916,637.139080924,1032.55909083,636.215792311
2037803915,372.172915129,-133.494197428,2037804061,1018.36897199,637.460121669,1036.86392581,635.2840164959999
2037821936,376.686714592,-130.70687688,2037824062,1017.57780662,634.133851997,1039.70226652,630.669868584
2037836977,381.566596317,-127.466487818,2037840060,1020.52088409,626.887601241,1040.95490517,619.085238593
2037856961,385.897181391,-124.37828728,2037860058,1029.28706361,622.0886772609999,1047.65876775,606.655433099
2037871984,390.557632099,-120.81268482,2037872056,1033.002245,621.828173598,1053.33342417,603.251855589
2037887010,394.715266324,-117.401252335,2037888054,1030.69668291,621.193235608,1056.15563577,600.4184605180001
2037905022,399.149168763,-113.500170026,2037908050,1027.2337855,616.697272094,1048.58209972,601.8701018999999
2037923032,403.088338994,-109.783420789,2037924048,1024.2200097,616.236285606,1048.10567259,604.337278396
2037938049,407.279204488,-105.540432538,2037940045,1032.11720557,616.799098325,1051.40905262,608.338623698
2037956071,410.972240845,-101.525301481,2037960041,1037.86501153,615.778362141,1057.07825236,607.286925594
2037971076,414.848163278,-96.9960911115,2037972039,1038.21353356,613.558339188,1060.89898742,603.6169534769999
2037989104,418.265215286,-92.6979858659,2037992036,1038.26656701,609.956143496,1068.14989109,595.751065269
2038004112,421.828343535,-87.8641023509,2038008033,1042.31778661,604.4353658780001,1071.09570108,590.874294926
2038022133,424.94019001,-83.2999727413,2038024032,1047.7395502,600.7512532430001,1072.31878121,584.388249066
2038037149,428.356159628,-77.852066602,2038040034,1051.67536385,598.2316052030001,1072.26994007,578.436314627
2038055166,430.926276913,-73.3915009748,2038056036,1053.44548288,598.602920572,1076.35937931,576.8916949219999
2038070180,433.768422378,-68.0159598551,2038072041,1056.94321246,597.150808123,1084.35876006,577.558997536
2038088200,436.183711638,-62.9962938722,2038092048,1057.42703198,594.0921205980001,1091.18920637,573.280974466
2038103205,438.607008155,-57.4276355249,2038104052,1058.80354546,590.004145917,1089.42113771,572.015880995
2038121230,440.63996263,-52.2208075098,2038124059,1061.46264526,578.95833641,1086.15318543,564.223469001
2038136240,442.697498095,-46.2756084488,2038140064,1062.05651382,571.209512353,1087.68995373,555.733637175
2038154264,444.270008312,-41.0928776512,2038156070,1062.94647387,567.133842212,1090.54501309,555.31348747
2038172285,445.852909589,-35.0458733125,2038176077,1072.80370898,570.862153584,1098.84063982,557.4898924280001
2038187285,447.038151929,-29.6721337072,2038188081,1078.28848908,567.821687328,1099.15749133,553.338003434
2038205310,448.127416353,-23.6332231141,2038208088,1083.47363278,552.495403108,1101.61686867,543.886500222
2038220323,448.907274413,-18.0751837135,2038224093,1085.00974861,546.930628758,1102.07484276,535.760073651
2038238361,449.522198995,-11.9636505496,2038240098,1084.95300036,542.662914541,1101.58742904,533.025675712
2038256359,449.865432676,-6.35243501091,2038260102,1088.32451351,538.775819858,1106.42721215,524.995816491
2038271391,449.999867467,-0.199398950948,2038272099,1088.7418881,534.076409218,1108.21870234,519.530439659
2038289410,449.901692379,5.42985617189,2038292096,1087.57620252,525.677202341,1108.45636277,510.904485915
2038304403,449.553374828,11.5673189023,2038308093,1085.15343744,521.441965291,1106.8348568,500.398712728
2038322420,449.014928213,17.1645911334,2038324090,1085.56733636,516.334042061,1106.71329529,493.761899465
2038337429,448.138665179,23.5625435893,2038340088,1008.05078067,493.805056099,1036.9671956,450.356412789
2038355449,447.215333561,28.7788661811,2038356085,950.200592738,451.661696993,981.236008895,433.530754732
2038370459,445.916114435,34.7812163247,2038372082,879.58904014,437.834871241,925.227504245,405.641726398
2038388484,444.517982045,40.2094931535,2038392078,829.589392786,413.37981917300004,857.4476424689999,385.959700578
2038403506,442.762576538,46.0736693808,2038404076,826.133445772,410.733155403,853.294736167,379.724885056
2038421517,440.953092853,51.3653440735,2038424073,813.963529747,404.917477248,844.225294708,376.350223509
2038436530,438.756861444,57.0623298793,2038440069,811.977875176,402.58969084800003,839.859581168,380.90468406199994
2038454545,436.55537933,62.1802445598,2038456065,812.997320207,400.793453135,839.378999515,386.77300187599997
2038469561,433.938773559,67.6767222815,2038472065,815.517363684,398.443393077,835.0805757789999,392.244855731
2038487577,431.363919535,72.5963417631,2038488066,806.814906007,394.390035496,837.248486739,388.88875846300004
2038502600,428.354680983,77.8545369361,2038504066,808.474547365,392.956983247,835.8657867310001,384.83679539699995
2038523617,425.433484386,82.5434545905,2038524066,804.141059223,396.71014430699995,834.0595415939999,380.59438405
2038538623,421.899785018,87.7631110634,2038540066,811.216144923,399.01672185800004,829.837906082,375.63479480300003
2038556672,418.811815731,91.9811091522,2038560066,809.509654485,394.068820469,826.493857913,374.499009421
2038571655,414.966769112,96.8519350455,2038572066,813.912045949,395.063063293,825.7970662289999,377.159815046
2038586672,411.55213087,100.869201468,2038588066,811.769059556,392.529712332,826.6727537139999,382.548298953
2038604690,407.530112208,105.276200324,2038608066,943.546852372,403.16792031800003,961.496935605,394.74702007699995
2038622707,403.722947321,109.160842008,2038624067,985.420437391,416.673697877,998.41929224,406.415702828
2038637742,399.430468777,113.242884276,2038640067,996.967754749,420.78422497599996,1009.80467022,399.445116148
2038655743,395.389336441,116.826308742,2038656067,998.47992369,423.845949238,1015.08315906,403.0382084
2038670751,390.847642108,120.58201296,2038672066,994.409813965,419.333439778,1013.14922395,401.372894388
2038688828,386.59557372,123.860450531,2038692065,989.299278461,419.62396101699994,1003.66450437,406.037249112
2038703782,381.847074476,127.272703698,2038704064,987.72971242,420.71817647,1001.0111613,407.246713081
2038721802,377.424692991,130.232382518,2038724063,984.152215755,423.07476884,994.970563784,407.94079871300005
2038736823,372.499800707,133.298816702,2038740062,978.540477205,425.42553266199997,995.630550625,407.36017285699995
2038754836,367.920487272,135.947489366,2038756061,972.221634947,423.007702736,994.804868233,405.79417383699996
2038769920,362.84334503,138.670489297,2038772060,970.72067434,418.476724496,998.5154123169999,404.97228044400003
2038787910,358.153938923,140.997551516,2038788059,968.22852406,413.15046598199996,996.888341225,399.736356512
2038802934,352.953800162,143.378724601,2038804058,966.258894601,408.653464185,993.469977563,396.05329570199996
2038823949,348.164836314,145.395537389,2038824057,965.486476622,403.76307361,986.262017666,389.9392455
2038835959,342.563606212,147.550753979,2038836057,962.852044203,401.04712992599997,980.727940282,384.718723624
2038853974,338.014084429,149.146726585,2038856054,963.447757414,393.369471449,977.948967815,369.9591397
2038872002,332.667199759,150.852689502,2038872052,962.624627949,387.80914498199996,976.01029652,366.647114822
2038887004,327.753656531,152.264635657,2038888051,960.914003955,383.511806022,980.231648622,360.67199713
2038904980,322.363697033,153.648066951,2038908049,951.271429284,379.26769278300003,975.1954983830001,357.86802110900004
2038920041,317.408640462,154.772118678,2038920048,944.486683503,378.00358516800003,969.6400747810001,353.51169134800006
2038938050,311.97498871,155.847031705,2038940046,938.041509908,382.96757027300004,961.026049076,351.09428131
2038956058,307.060015908,156.681135632,2038960045,935.025094796,385.484367494,957.9592421169999,349.97107354
2038971086,301.648743878,157.45158306,2038972044,934.011190538,384.54143987,956.865677526,351.67446810900003
2038989063,296.707149372,158.022895007,2038992042,934.703164995,378.43841283300003,949.353856025,345.910279045
2039004070,291.305699233,158.506095568,2039008040,928.480694984,379.535337409,944.155579744,341.86763087
2039022134,286.391013468,158.820024742,2039024039,918.374636439,376.614343136,938.283874075,345.48801448300003
2039037106,281.027964399,159.028390547,2039040038,910.747697469,374.094816009,937.224780383,352.30661207400004
2039055173,276.146162653,159.098236363,2039056037,903.435363551,367.94688948099997,929.239010972,353.72409392099996
2039070181,270.822476982,159.0461771,2039072041,895.250819392,365.113833714,925.078914463,348.93380195300006
2039088153,265.981982481,158.884237533,2039092046,889.687883735,363.469936717,918.782631178,341.932254548
2039103212,260.725730277,158.586250874,2039104049,885.576371058,364.043979591,913.430413749,339.433954798
2039124187,255.947927954,158.206204157,2039128055,878.874239768,368.06014607599997,908.2611551030001,339.179805649
2039136202,250.325933374,157.627143401,2039140058,877.827056448,368.492994797,903.793405728,348.76038355099996
2039154261,246.039209898,157.090592893,2039156062,874.893664887,371.24664160599997,897.308039464,357.70853965699996
2039169235,240.912530993,156.341736677,2039172066,870.536622844,368.74359763900003,888.48398923,363.363840055
2039187295,236.276774458,155.56468545,2039188070,865.979188894,371.55700888900003,885.712496351,367.31729479800003
2039205272,231.233875783,154.612229933,2039208075,861.400941987,376.748911699,878.6942629280001,369.189796285
2039223331,226.661368615,153.652523158,2039224079,857.533998925,378.57119683800005,872.265377103,365.76498357800006
2039238339,221.5483609,152.471560334,2039240083,855.06057343,380.752380259,867.593257714,357.861796485
2039256319,217.236866499,151.387537704,2039260083,848.085757097,379.943621906,866.6004701530001,359.199253926
2039271382,212.289038512,150.044354236,2039272080,843.663740746,378.996102935,863.007261,360.47699795
2039289355,207.971619101,148.785887752,2039292076,837.804157055,372.201088967,856.177524691,359.51159719599997
2039304382,203.198391726,147.300965419,2039308072,835.985651291,365.594804482,851.462932379,365.06390848800004
2039322432,198.888764436,145.875930319,2039324068,830.176372465,363.30253936599996,845.322322388,367.81115075099996
2039337397,194.219870421,144.241856772,2039340064,827.058270134,368.932632419,841.627295797,368.309980194
2039355458,189.987171661,142.679380462,2039356060,823.74604725,377.749096296,837.717758077,367.557472402
2039370468,185.414585385,140.904834805,2039372056,823.839671116,386.030546756,838.369744464,371.65547346
2039388442,181.274138837,139.220411567,2039392051,822.511414578,391.76819496300004,838.080276217,383.30484404099997
2039403506,176.793364797,137.314464005,2039404048,821.550271516,389.135722213,833.3739117580001,386.31821201199995
2039421481,172.742651152,135.517131195,2039424044,817.148232987,387.98851769099997,824.619474791,387.209867734
2039436491,168.353984718,133.490200708,2039440040,810.819965963,387.008976606,820.417059117,382.16357934300004
2039454547,164.386507959,131.586513992,2039456039,805.276164796,388.86929893,817.397550369,383.50164319199996
2039469520,160.09751705,129.452431688,2039472044,803.962780817,394.628124459,817.297094329,386.60666909300005
2039487589,156.21638807,127.453150971,2039488049,804.518908985,399.467212683,813.439789254,386.466360919
2039502599,152.015187506,125.216073736,2039504054,805.642903395,405.192576206,807.7258713589999,388.431184306
2039520571,148.217506879,123.128690864,2039524060,794.590145572,411.81711033199997,803.116082602,393.263336959
2039537633,144.057198883,120.771052114,2039540065,789.104472775,410.217585667,801.9179260210001,388.88206494199994
2039554663,140.216918737,118.529052137,2039556070,787.209510414,413.55885481400003,796.308913103,387.69757451699996
2039572624,136.184607023,116.107191529,2039576077,783.962824803,414.792492465,789.035311905,395.823621605
2039587692,132.556576459,113.868993359,2039588081,779.94700439,417.630795254,785.4615726669999,402.88384142900003
2039602697,128.788021236,111.484968478,2039604086,774.679398053,418.17384140900003,782.9892636530001,405.78073518599996
2039620675,125.226048813,109.176447082,2039624092,770.454395036,422.175277273,776.4786378389999,412.281486544
2039635728,121.362048338,106.611819928,2039636096,766.91454851,421.18684159800006,772.5398137660001,416.079894391
2039653742,117.878348719,104.246046373,2039656103,766.642511118,423.515195654,767.556923777,418.82035059300006
2039671759,114.098629395,101.622162935,2039672103,766.356948625,424.517683359,763.731742308,419.915936031
2039686778,110.676402516,99.1955625182,2039688104,765.004315766,426.577663406,759.914364641,416.932655912
2039704751,106.969120774,96.5127123687,2039708104,756.974554211,425.36339070300005,753.767138346,413.018494411
2039719815,103.609292379,94.0331166622,2039720105,757.263974166,422.62564809699995,748.8852817860001,411.73581103199996
2039737799,99.9777982821,91.3020373228,2039740105,746.439112406,426.11492048900004,747.010440853,415.87559878800005
2039755846,96.685803079,88.7810179317,2039756106,751.118351686,428.34161426099996,744.612040018,420.88274276199996
2039770816,93.1139747947,85.997641337,2039772106,749.55081831,426.827103668,745.3122906919999,425.40770981
2039788844,89.873801124,83.4300386304,2039792107,741.973358725,435.12411788599996,740.277193424,425.272514726
2039803849,86.3685416337,80.6073815844,2039804107,739.038365864,439.610730141,738.024108632,425.022549637
2039821864,83.1865953885,78.0052649375,2039824108,734.500782746,448.606649087,736.43076851,432.947491424
2039836884,79.8735154999,75.256400082,2039840108,732.751983542,455.691807373,735.618959418,440.93244013099996
2039854900,76.5984338323,72.5002417202,2039856109,729.345305713,456.07281166,730.089901299,445.76841446099996
2039869907,73.2139461663,69.6123760544,2039872106,725.526964296,457.10533519800003,727.871776665,442.78156302599996
2039887929,70.1324708305,66.9488716428,2039888103,722.249568898,455.225815119,722.695003749,435.638510984
2039902947,66.7880188496,64.0221730714,2039904100,716.095602087,456.660582088,719.6956885610001,439.133538861
2039920970,63.7448078238,61.3275478943,2039924096,715.920874333,463.161470628,714.109266877,444.393836199
2039935980,60.3718803379,58.306985008,2039936094,713.395327857,466.499338211,712.850905649,447.210466454
2039953999,57.4525253647,55.6647272839,2039956090,714.789335261,468.508963498,711.050756051,455.356379735
2039969040,54.1350604271,52.6319251438,2039972087,709.317227208,471.946525988,710.636818837,458.19088017
2039987028,51.2315013862,49.9521641212,2039988085,702.303446719,478.56682212199996,706.010849929,459.565186661
2040005057,48.0028754814,46.9458391977,2040008081,701.064930324,479.743308471,703.794654145,455.17328965
2040020058,45.0792790955,44.2005418129,2040020079,695.338162113,478.43260415599997,703.60375248,457.718824736
2040038074,41.8827758193,41.1752809417,2040040075,692.223013502,481.263777141,703.388113142,462.36836346300004
2040053093,38.9838301877,38.4114224991,2040056072,688.963245901,486.245502796,699.12007841,469.96218563300005
2040071105,35.8288914345,35.3830227102,2040072072,683.694084124,492.769119448,696.214870298,474.311211505
2040089134,32.9460817388,32.5984268409,2040092071,687.579998988,499.09673100599997,687.400863713,476.647525873
2040104138,29.8157722874,29.557366956,2040108071,679.034359938,503.143640185,684.527401036,479.27778949
2040119155,26.9614364385,26.7699185286,2040120070,674.212455686,505.724347901,682.613477171,479.628180947
2040137173,23.9688194324,23.8339599959,2040140069,673.007276807,507.967501018,679.271103693,476.959084136
2040155191,20.99854212,20.9076858761,2040156069,671.916135267,510.77500994300004,675.665456481,475.84190111199996
2040170202,17.9052184191,17.8487908437,2040172068,672.840255937,513.062709986,672.935630378,470.928058835
2040188223,15.0775009402,15.0437616774,2040192067,664.568773795,514.253529765,665.7411541480001,482.39872953
2040203233,11.988116338,11.9711364342,2040204067,660.857609656,512.002005425,663.781093108,481.303065136
2040221259,9.17126263661,9.16365321069,2040224066,659.170804177,516.3069415269999,659.292110029,486.807221425
2040236267,6.21480613616,6.21243673078,2040240066,657.080229363,519.7860477940001,656.798017781,489.856088101
2040254283,3.27094769263,3.270602106,2040256065,653.421441323,522.042038017,654.92937343,495.33629167199996
2040269300,0.20385029527,0.203850211606,2040272064,649.773549305,526.096898622,656.16500982,502.06438101
2040287316,-2.61135269015,-2.61117683394,2040288063,646.985421011,528.503162935,653.846271595,510.16802352900004
2040302352,-5.68876392497,-5.68694652469,2040304061,642.38062078,541.431455045,651.8576073209999,518.297799967
2040323368,-8.50522593662,-8.49915581167,2040324060,633.295234589,559.540565236,639.236174865,533.239160282
2040338360,-11.8501084584,-11.8337074547,2040340058,626.074463991,563.44042167,632.562803228,544.496376665
2040356381,-14.4090359386,-14.379579636,2040360056,621.46840006,563.3576468790001,632.354656879,551.801933349
2040371393,-17.699821494,-17.6453077801,2040372055,620.21448026,563.399932161,628.458935552,552.877496319
2040386411,-20.3312957375,-20.2487950413,2040388054,618.174635797,567.337638426,624.578180905,555.584213318
2040404432,-23.4402979228,-23.3141183003,2040408052,606.194955989,572.8684071619999,619.693809765,552.810466854
2040422443,-26.2916772343,-26.1139885809,2040424051,600.280883271,575.497150012,615.0163920780001,550.6763530630001
2040437459,-29.5283725919,-29.2773061803,2040440049,603.154768165,578.545585628,610.746418342,548.567966049
2040455488,-32.2721566022,-31.9451965448,2040456048,605.742496527,583.548987913,606.4982006519999,553.883845921
2040470503,-35.4496982885,-35.0176703893,2040472050,609.807364806,589.863593098,606.7405691619999,563.13853469
2040488510,-38.3063298455,-37.7628474573,2040492048,611.631522021,594.729150015,603.804539879,568.29273871
2040503522,-41.4751975288,-40.7878289551,2040504046,611.583342048,595.23938246,604.277182348,569.616971134
2040523514,-44.385897459,-43.5463623607,2040524043,611.985904044,595.713331429,607.183452692,564.728878161
2040536551,-47.4602201552,-46.4378961079,2040540041,601.5434248,598.615415776,605.4023626019999,562.181270369
2040554584,-50.5338418769,-49.3048657756,2040556039,587.278858312,597.237083624,601.738499126,563.112477022
2040569591,-53.8249340815,-52.3468123576,2040572037,582.660888094,595.608281417,596.711736854,558.696156405
2040587605,-56.7446204468,-55.0202230247,2040588035,578.238842115,591.368699743,593.107667537,557.825429031
2040602619,-60.0195945866,-57.9894904151,2040604033,575.455630971,589.795941031,591.336905876,558.639363087
2040620639,-63.033427079,-60.6934185826,2040624030,568.964284846,588.690488141,588.953382429,565.061394804
2040635654,-66.2238282976,-63.5248489531,2040636029,569.308858114,584.949677833,588.913752547,570.320897948
2040653670,-69.4139959766,-66.3232567121,2040656026,577.019130229,587.118145796,595.262749007,580.933094422
2040668692,-72.769871445,-69.2305248425,2040672023,578.024294442,599.952641547,589.552475936,582.362636417
2040686702,-75.8724649226,-71.8841589116,2040688023,569.727040669,611.057085345,581.5333294530001,583.861875552
2040704721,-79.2867743923,-74.7654394557,2040708023,558.722627128,616.063083346,579.704481225,582.5970589
2040722736,-82.4398255135,-77.3891607334,2040724023,558.014700542,618.365854876,580.943067193,582.916097694
2040737756,-86.0116349456,-80.3173855659,2040740024,560.402812828,618.727455295,584.644642768,584.050400199
2040755772,-89.1135649905,-82.8217936124,2040756024,563.153946989,623.736410082,574.933095284,584.465713863
2040770776,-92.7683429601,-85.7256762367,2040772024,561.489702601,628.443781855,572.053807476,589.195248931
2040788804,-95.9028184904,-88.1751285095,2040792024,550.423553603,634.30286617,563.537216467,595.204074919
2040803809,-99.4999842052,-90.9387833934,2040804025,544.805015644,635.28236692,560.841782192,600.352799001
2040821828,-102.820616047,-93.4444730356,2040824025,535.304064144,628.086353082,560.870019349,601.857651463
2040836851,-106.480089628,-96.1546393641,2040840025,532.179393235,621.199042445,563.862617838,601.32795743
2040854865,-109.868207693,-98.6154774283,2040856025,534.288182843,617.6495093569999,563.195452178,602.81682609
2040869916,-113.600857373,-101.272203976,2040872027,533.64483202,622.481177656,557.696152074,602.00081396
2040887942,-117.051028437,-103.67678541,2040888029,532.618371168,629.632522052,554.086366461,607.016252317
2040902991,-120.858414687,-106.272936533,2040904032,528.917927594,638.396337765,548.6393312390001,605.796178158
2040920927,-124.375921195,-108.617576602,2040924037,523.695163997,645.434956375,543.070838817,608.022698422
2040935994,-128.412717632,-111.244257012,2040936039,521.193117642,649.317548651,540.359998149,607.875917575
2040953998,-131.862095947,-113.434180998,2040956043,519.107179137,651.960773734,538.086664082,605.943688157
2040968971,-135.961048656,-115.970892465,2040972047,517.598966785,650.191679304,533.718628328,608.942470345
2040987077,-139.504639843,-118.106289975,2040988050,517.433564293,653.484413954,533.0289310740001,614.643639456
2041002039,-143.562650541,-120.485865623,2041004054,515.953574451,658.628363865,528.487656732,619.588978797
2041020058,-147.3117211,-122.621696365,2041024058,506.466686625,660.8167475480001,508.77882880199996,619.711111009
2041038078,-151.459568093,-124.914542401,2041040061,501.385273276,661.3147258619999,499.299487795,616.0034482269999
2041053069,-155.289686264,-126.966210365,2041056065,491.92245215,660.463734391,496.35734873800004,615.634151582
2041071118,-159.527911803,-129.163064204,2041072064,485.186758351,658.7572877709999,491.475204994,616.078657806
2041086151,-163.446044718,-131.125334698,2041088065,476.421965708,655.8736608419999,485.929196879,621.5661928330001
2041104158,-167.772763883,-133.215549254,2041108068,472.859955478,656.633574925,479.606450437,621.711732592
2041119161,-171.774878236,-135.077278835,2041120070,474.231261696,661.619791641,477.93119821199997,623.191358854
2041137133,-176.020700154,-136.977073455,2041140074,470.284488112,665.706942768,475.355660499,618.635061758
2041155197,-180.294095739,-138.810917122,2041156077,464.580973041,668.668465436,474.177603686,619.332556803
2041170211,-184.987929713,-140.734669541,2041172079,456.546653729,672.403728494,475.239024616,622.084745276
2041188183,-188.985587425,-142.298374472,2041192083,447.095018161,674.660756201,473.802239071,633.636716579
2041203243,-193.603108197,-144.018980222,2041204085,445.100770206,673.423082467,469.219014365,637.457641158
2041221217,-197.881795188,-145.531435636,2041224088,440.295411998,669.468741377,463.727969335,640.767269498
2041236228,-202.377889375,-147.035821103,2041240091,441.174134827,667.29517334,460.540468441,641.244414487
2041254295,-206.929563853,-148.470092763,2041256094,437.782340388,668.788938802,460.86525023900003,648.725009507
2041269259,-211.781985461,-149.900726559,2041272093,436.665416226,671.2060505669999,454.703413279,648.511721138
2041287345,-216.17269892,-151.107587329,2041288093,430.535080139,674.536875606,450.311003405,653.200029469
2041302336,-221.062760357,-152.35349523,2041304095,424.348758089,675.0940401519999,448.522766366,651.767312339
2041320310,-225.585590731,-153.413490771,2041324097,422.315448369,677.875360515,442.19044417099997,656.0599865730001
2041335382,-230.361797931,-154.436233834,2041336098,420.905993375,677.482406133,437.579933812,655.8418834180001
2041353344,-235.167411347,-155.364721208,2041356100,417.232914144,680.464217686,430.625829912,648.586357389
2041371401,-240.238639531,-156.234658459,2041372102,415.931967223,679.633185185,425.584326264,640.09238627
2041386422,-244.917181946,-156.936651975,2041388103,414.329886443,680.524448197,419.527313195,632.586266639
2041404389,-250.222596728,-157.615173418,2041408105,411.260811133,678.610809029,412.709746094,626.364062959
2041419425,-254.808586445,-158.100331716,2041420107,408.998734966,679.350948372,408.07665313,624.405843022
2041437425,-259.812639127,-158.521623901,2041440109,406.101290045,682.975733328,401.94391329800004,626.435991916
2041455484,-264.836264805,-158.83007536,2041456110,400.730139661,689.522645105,395.425345185,623.2449032430001
2041470499,-270.163433975,-159.030516343,2041472114,392.732509526,687.154629967,395.53892379,627.459852087
2041488473,-274.981014834,-159.098215199,2041492118,382.757317372,683.7939457919999,390.290239943,637.1292147959999
2041503551,-280.343221056,-159.045030794,2041504114,375.167958633,679.209168939,390.179571689,640.273916751
2041521508,-285.213029378,-158.877714047,2041524107,363.501462545,679.7592370780001,385.024927086,639.998222424
2041536521,-290.59156638,-158.559094623,2041540101,358.882353211,680.823952717,384.761554495,638.762919946
2041554585,-295.519829827,-158.141659198,2041556096,354.990056247,679.221860454,374.25201607800005,634.854079023
2041569547,-300.930678495,-157.542371153,2041572090,352.220055328,674.651691767,364.828344565,632.142622291
2041587609,-305.873617819,-156.863189571,2041588085,346.783127389,673.642243756,362.026186069,631.1029331230001
2041602629,-311.298036062,-155.969627701,2041604079,341.469032108,671.462076787,357.091066843,633.254576926
2041623654,-316.249709963,-155.015065728,2041624072,336.950696713,671.497186704,350.86150304800003,633.993304876
2041635662,-322.138103526,-153.702282524,2041636068,335.878237891,672.1847747,342.53242884900004,634.239031374
2041653637,-326.574057097,-152.581993982,2041656061,331.344929473,673.195603399,337.24881670400003,631.883771649
2041668648,-331.954482759,-151.066608641,2041672059,324.106022848,677.557112557,333.94117262099996,632.251121552
2041686707,-336.850132837,-149.533476671,2041688057,315.894467249,675.756864133,332.754682038,631.479956022
2041701742,-342.1766089,-147.691812484,2041704057,307.220655952,671.540612592,327.972864826,633.941196655
2041719739,-347.023231222,-145.852290364,2041720060,300.238334242,668.391930425,321.42182913799996,634.0165159119999
2041737781,-352.05834683,-143.768404258,2041740063,296.485516983,669.464175833,316.906112877,634.717693634
2041752732,-357.020407652,-141.534090342,2041756066,299.919630461,666.515907424,313.68302684099996,634.6797884619999
2041770793,-362.174598734,-139.013131477,2041772069,297.246194114,660.4819354040001,311.331045678,631.994823685
2041785802,-366.821574368,-136.555446572,2041788071,293.151173942,654.437294683,308.270316358,628.143802194
2041803826,-371.841035244,-133.691552814,2041804074,290.591046171,650.167348767,298.501941487,624.098257935
2041821814,-376.356828843,-130.917238666,2041824077,282.202073225,647.79978379,288.271041956,620.262651816
2041836818,-381.428703633,-127.56145044,2041840080,268.801210098,642.1856704209999,279.666832707,619.788142912
2041854873,-385.776550092,-124.467160541,2041856083,259.922390518,639.17471696,277.485802865,618.918037916
2041869840,-390.40198871,-120.936045028,2041872084,259.283677409,645.069240367,276.167583508,614.8003026580001
2041887864,-394.413864201,-117.656303308,2041888085,263.299613978,646.5536665369999,276.091540265,616.8246694119999
2041902869,-398.859377404,-113.763960225,2041904090,265.501326752,647.271098864,276.086974765,619.389792125
2041920900,-402.808732,-110.055563423,2041924111,259.471222782,645.973383863,273.18696612,623.6590685880001
2041935908,-407.066193247,-105.763815505,2041936123,253.086432736,641.037389784,267.438630508,623.6856500069999
2041953926,-410.700156031,-101.8306559,2041956144,245.779635869,631.8770868380001,256.554050899,620.29953547
2041971945,-414.635545797,-97.253647283,2041972161,241.30349042,620.550137524,253.76424320900003,611.7218650369999
2041986964,-418.182798017,-92.8053430077,2041988177,239.072561688,611.872346557,248.145211448,602.496797545
2042001986,-421.601963892,-88.1830051305,2042004194,240.455968385,606.996162312,244.812433651,600.800410145
2042019990,-424.718296471,-83.6371712979,2042020210,243.699147542,605.691425362,241.190752546,591.3466686840001
2042035004,-427.826371321,-78.7305819848,2042036227,241.426808042,610.621381384,233.52117935,582.1413906930001
2042053030,-430.731752155,-73.7414188046,2042056247,231.803555411,609.601607206,225.012490063,579.326816924
2042071034,-433.584185395,-68.3805166693,2042072258,222.527883824,603.087747937,219.332776087,579.465185321
2042086054,-436.009507547,-63.374477169,2042088269,220.247664366,595.953260883,216.746742377,580.00361042
2042104065,-438.454046489,-57.79776856,2042104279,220.290900775,590.158507125,215.07826649,574.760664956
2042122096,-440.497573738,-52.6046409017,2042124269,201.372029781,582.141930751,207.366887917,560.876825552
2042137105,-442.6565646,-46.4021321316,2042140261,190.677585234,573.369105188,203.784921347,558.065043304
2042155123,-444.159840789,-41.4788651857,2042156253,180.922626717,560.182837802,200.40896549,559.983302062
2042170127,-445.837964238,-35.1081468018,2042172245,176.043265712,554.249154331,200.732913317,560.927890885
2042188150,-446.953775992,-30.0878588647,2042188237,175.278792322,552.127953031,199.215743422,553.513804118
2042203158,-448.061508421,-24.0430685576,2042204229,179.049555505,550.115123903,197.512023459,543.65105526
2042221188,-448.857163376,-18.4835569342,2042224219,182.022290662,544.22117368,191.73499867099997,532.450829178
2042236200,-449.507601166,-12.1447589825,2042236213,181.870323122,540.018723163,192.39476268099997,530.133177931
2042254212,-449.84783124,-6.75493808232,2042256202,176.793694842,536.660180035,186.94114705200002,525.109098496
2042269231,-449.998911039,-0.571565440433,2042272198,172.061307389,535.518927607,189.31144181099998,521.944070953
2042287255,-449.916115956,5.01584470406,2042288193,171.541198581,529.392090443,194.076010748,524.936472025
2042302261,-449.583442431,11.171688071,2042304189,176.884579116,528.282554686,193.660662513,531.514111758
2042320285,-449.060882038,16.7606353265,2042324188,179.812912265,529.463782353,194.966314103,538.472040038
2042335294,-448.288131325,22.601945013,2042336189,180.783874413,527.253524319,195.623788123,532.637932041
2042353337,-447.292209577,28.3822310388,2042356189,185.765173123,524.9991433,192.417237356,519.303659586
2042368319,-446.010230804,34.3831498695,2042372190,191.475694792,522.663485638,192.58675665299998,511.868553341
2042386340,-444.62594802,39.8183047886,2042388190,194.109940429,512.97583086,197.795879762,510.878635161
2042406347,-442.886803208,45.685477179,2042408191,192.384543714,501.27341489400004,199.637571055,506.49734497800006
2042418376,-441.089115749,50.98870962,2042420191,193.272535141,497.10226782800004,199.092778685,500.57133148
2042436397,-439.002293203,56.4581306846,2042440192,193.734529575,493.12607843800004,197.99790548200002,495.013799376
2042454412,-436.720209878,61.8142295822,2042456193,195.100305749,487.89984170300005,203.173783085,496.982369263
2042469424,-434.224280628,67.1034267752,2042472195,196.361005197,480.31472487599996,202.776407094,495.484649322
2042487442,-431.556036997,72.2437486509,2042488197,197.499592452,475.310830996,204.19932989900002,497.166803262
2042502450,-428.560550386,77.5095900411,2042504199,199.313098575,475.304099464,202.141397777,492.499489167
2042520480,-425.646780585,82.2133492233,2042524200,207.755789637,478.594354216,207.740762617,480.591141216
2042535483,-422.068750864,87.5235817532,2042536199,211.288609607,478.379541197,211.061843102,473.384208773
2042553516,-419.045208344,91.6723986083,2042556198,217.244910202,458.31182184,220.505625632,462.40106193599996
2042568521,-415.159926945,96.6164234627,2042572197,224.847750066,447.70828236,225.98429878,456.810437547
2042586563,-411.81240877,100.572340643,2042588196,231.02973087,445.60066234,228.491578392,453.19648188199994
2042601570,-407.73751669,105.05687099,2042604195,234.127665298,448.360929484,231.71049675700002,451.65085456800006
2042619569,-404.005276187,108.881649254,2042620194,236.275902935,447.58143001300004,237.555318969,449.40916455300004
2042637585,-399.668036848,113.024650909,2042640193,243.065829691,439.483432957,239.163358445,448.729622852
2042652601,-395.683779895,116.573179544,2042656192,249.503178606,434.361370552,239.07148111200001,444.684630669
2042670616,-391.152507092,120.338376084,2042672191,250.793400142,431.786432499,240.29803469599997,443.785946414
2042685636,-386.902443361,123.631120156,2042688190,248.252476934,426.18578546699996,247.188549832,441.934790972
2042703642,-382.169439717,127.048936661,2042704189,244.832206036,420.293522375,251.63468401900002,439.243708608
2042718674,-377.728407177,130.03552823,2042720186,246.139258816,418.08474296199995,258.196216932,431.335853015
2042736685,-373.017125816,132.987579891,2042740179,253.673133356,422.609389917,259.825405278,424.722404509
2042754692,-368.251775393,135.762148679,2042756173,260.088803624,424.931010646,263.080610222,420.390337092
2042769712,-362.980483966,138.59977245,2042772167,262.532121084,426.63184939900003,266.952713398,418.43416258699995
2042787734,-358.492453699,140.835392686,2042788161,264.218833395,422.49856963400003,272.50659165900004,417.107688517
2042802739,-353.297196374,143.22772692,2042804154,268.764000091,413.539268284,288.204127554,413.113167674
2042820762,-348.509643842,145.255788062,2042824147,286.335174928,407.852770632,294.362799379,408.449336076
2042835777,-343.203791332,147.315214836,2042836142,294.055620745,406.07213339300006,299.653640236,408.393445816
2042853791,-338.35291312,149.032510366,2042856135,299.050718672,405.85508700800005,302.705706904,409.777176494
2042868802,-333.012624736,150.747884964,2042872133,296.571797803,396.775794949,310.072272162,411.267787512
2042886828,-328.102835884,152.169104532,2042888131,293.698619413,390.66229492199994,323.656114058,409.054298531
2042901844,-322.718510156,153.56220374,2042904128,293.745692469,388.76104350199995,331.377968875,409.825182167
2042919856,-317.77354896,154.694070578,2042920126,301.453825698,392.488623824,336.427700481,407.00890286099997
2042934871,-312.571323507,155.736975127,2042936131,315.303623341,393.452231011,336.675735467,403.55491482599996
2042955888,-307.413013577,156.625530771,2042956137,323.936074997,393.96545512800003,334.865157448,395.23083652599996
2042970951,-301.611882521,157.456308387,2042972142,327.325055386,392.80122590699995,340.55259173900004,388.738262501
2042985963,-297.058465156,157.986387909,2042988147,326.00030249,387.44315303300004,345.22779855199997,386.048854067
2043003979,-291.664895893,158.478483047,2043004152,327.920272564,381.75616843800003,354.680672487,389.614558751
2043018946,-286.747082407,158.801257847,2043020157,333.20282286,379.08179210599997,361.78624314900003,395.532258035
2043036982,-281.296159287,159.021261364,2043040163,344.117140653,383.67777533099996,373.6489759,398.463951411
2043055025,-276.488637592,159.097024584,2043056168,356.552191614,391.306645001,380.080184295,397.986640827
2043070046,-271.161575372,159.053447246,2043072170,366.950974527,394.416468356,379.053933015,395.83444493900004
2043088065,-266.328999134,158.899450587,2043088172,365.699508624,394.55192591,376.34032548199997,390.380353711
2043103078,-261.074559129,158.60993862,2043104173,363.208994629,391.928420647,375.988194401,378.92756241300003
2043118047,-256.293615131,158.237169175,2043120175,360.319845869,390.786213555,387.448539614,380.022701439
2043136104,-251.302598933,157.7379164,2043136176,367.891378083,392.20473782,395.656268489,379.720251554
2043154128,-246.376371254,157.135758517,2043156176,380.932787917,396.25726117,403.006942871,389.738379726
2043169096,-241.254923573,156.395373423,2043172177,388.217771716,400.77251513,406.459618635,391.811104956
2043187178,-236.611680789,155.623991034,2043188177,394.115358098,404.93707738800003,409.63576060199995,390.42211749
2043202175,-231.570133839,154.679203232,2043204177,395.728919702,406.04254809300005,409.666138855,386.018108747
2043223192,-227.001438932,153.727036937,2043224178,402.919238869,406.33197367199995,417.60088973300003,386.97685201699994
2043235202,-221.607041414,152.485758157,2043236178,406.593748909,408.85546849400004,422.410157679,382.78879755400004
2043252185,-217.552217617,151.469555433,2043256178,415.429902662,410.97830814300005,424.008654252,378.14317812400003
2043270237,-212.878185866,150.20984084,2043272178,423.532736924,414.102972241,431.415039537,380.242046059
2043288209,-208.290943483,148.881721426,2043292178,430.704177645,418.23676898300005,439.577094752,385.263494666
2043303226,-203.520171732,147.40415638,2043304178,431.780820624,419.699217955,441.43704931400003,388.835827438
2043321242,-199.198562788,145.98103743,2043324178,431.098171768,418.392846276,450.712658112,396.97406697800005
2043336251,-194.359312197,144.292019342,2043340178,429.6118668,416.11764710000006,458.736086288,398.23243991699997
2043354331,-190.292921186,142.794828865,2043356179,433.708337482,416.46084788300004,458.765366905,395.869672796
2043369292,-185.611117685,140.982955396,2043372180,437.896498161,419.592488775,465.409132721,395.18023168599996
2043387349,-181.572860292,139.344405818,2043388181,445.147380776,420.947437906,469.879603065,396.784154399
2043402359,-177.023572419,137.41448964,2043404182,453.962291865,425.521702915,472.84806331199997,398.13671618800004
2043420336,-173.031663323,135.647706016,2043424183,459.709180607,429.79821411,476.319636801,394.95408843800004
2043435402,-168.829914237,133.714015725,2043436184,462.911380399,431.001815626,478.759170149,400.547492021
2043453371,-164.673788541,131.726630868,2043456185,464.062726128,431.4362734,484.956042608,413.914475009
2043468381,-160.373191351,129.591977384,2043472188,464.20501122,428.81586448900003,491.78069298199995,422.339747923
2043486445,-156.495230592,127.598948431,2043488191,465.225334547,421.48936158099997,491.848531091,422.972160387
2043501412,-152.291027147,125.365278209,2043504194,469.014144195,419.607013929,492.756008291,414.01286642800005
2043522477,-148.491865018,123.28156329,2043524198,474.738282222,423.623287569,496.87311211300005,401.26423154
2043534442,-144.067548224,120.777008994,2043536200,476.56659833,429.20266988300006,505.174514845,400.56166331400004
2043555509,-140.654144962,118.787488347,2043556203,480.340564851,436.12788034,515.1834272,398.139360985
2043570517,-136.428969735,116.255931224,2043572206,485.783868127,439.39545290800004,518.176112947,402.616344847
2043585502,-132.98687741,114.137376827,2043588208,493.975015688,436.950499626,521.9493044530001,408.27277800900004
2043603554,-129.044573593,111.649172943,2043604211,496.929571,434.611009711,526.4105158230001,411.869067056
2043618527,-125.480004484,109.342806733,2043620213,499.386721786,436.257445824,529.508358605,411.079138732
2043636541,-121.616736921,106.782789942,2043640216,504.23096095,443.02071956099996,532.468951956,423.311045015
2043654559,-118.12784946,104.417163791,2043656218,508.332299818,442.760548535,531.7312184790001,433.13237005599996
2043669573,-114.347498928,101.796747305,2043672218,513.835021845,445.43877459,535.41632223,438.36763493
2043687637,-110.925066518,99.3735040117,2043688217,517.702068103,447.602050238,538.3818707969999,440.556661855
2043702653,-107.213703598,96.691434138,2043704217,519.563217851,448.824344309,544.366098729,439.37849169
2043720622,-103.855414212,94.2163029726,2043724216,520.310569372,452.43248627800006,545.539883559,438.118151615
2043735683,-100.365372197,91.5960211761,2043736216,521.244204288,454.43371689800006,544.997177634,435.04247278699995
2043753657,-96.9197740119,88.961603082,2043756221,529.42713671,456.65377146099996,552.017662375,429.910497026
2043768672,-93.3488338977,86.1821799833,2043772225,534.698120115,460.013748333,560.946440133,423.96478444900004
2043786736,-90.1136049235,83.6214431641,2043788228,537.703863588,462.923371355,563.190556187,423.99737555
2043801701,-86.6025520681,80.797262633,2043804232,539.948512028,467.829627105,561.759551415,434.64505902
2043819767,-83.4219712102,78.199031806,2043820236,552.768586593,469.723372719,557.8223427309999,445.13636179599996
2043837742,-79.9059686881,75.2835194516,2043840240,556.426374629,472.983819055,565.658239667,447.319086663
2043852755,-76.6886838569,72.5767016771,2043856244,551.085522103,472.535273253,570.5690854769999,449.341011255
2043870798,-73.4283068861,69.7964587874,2043872244,544.309048243,471.055493777,577.3072642559999,445.840219819
2043885831,-70.2145144408,67.0202018832,2043888243,549.976657003,467.264212386,571.823708174,443.837010767
2043903846,-67.0096422138,64.2172481671,2043904243,560.359756158,467.804801424,574.209251101,443.683667837
2043918872,-63.9712037477,61.5290253416,2043920242,566.62488914,472.58836737,582.097669098,446.08507161
2043936842,-60.8098191914,58.7011490907,2043940241,574.459756168,483.68877844800005,589.424032302,448.18393821800004
2043951902,-57.5322284266,55.7372004413,2043952234,573.614313001,493.879514299,592.757262673,452.911805898
2043969908,-54.4114405068,52.8857864526,2043972222,575.222052361,498.429525338,593.671719269,466.340250795
2043987883,-51.4489362821,50.1536366032,2043988212,577.279718324,500.203172208,594.931798517,470.373053755
2044002900,-48.2215936433,47.150354294,2044004202,579.867309196,503.428809979,596.393819709,472.707677162
2044020934,-45.2745626156,44.3845744634,2044024190,585.776651557,506.13392259,597.127690531,476.45405434400004
2044035929,-41.9263807807,41.2167102695,2044036183,587.927664647,508.21232011800004,598.69815492,481.56271456300004
2044053973,-39.2002703737,38.6184147912,2044056171,593.078218641,512.462312429,603.3742512580001,488.917545756
2044068969,-35.7781968877,35.3341951165,2044072167,597.380528862,514.413619992,606.718088752,490.507297061
2044086984,-33.158767317,32.8044073158,2044088164,600.573921944,514.599674173,610.46363666,489.38421513099996
2044101991,-30.0245972326,29.7607718123,2044104161,605.237604366,516.199974787,613.547408164,491.544952107
2044120014,-27.1673712468,26.9714628497,2044120157,607.50170138,518.568272571,618.3839377840001,495.64078283199996
2044135024,-23.9292218601,23.7950259974,2044136154,606.84947715,519.116073014,623.445636085,495.301114326
2044153051,-21.2097309865,21.1161179649,2044156152,606.932870162,516.884635114,627.6438800430001,491.010846935
2044168056,-18.0334517304,17.9758069817,2044168152,608.060237495,516.514003102,626.483970152,489.331231497
2044186077,-15.2833143272,15.2481776883,2044188152,620.389626831,516.560854045,629.437927806,496.413635201
2044201094,-12.1921787448,12.1743181985,2044204152,619.292971916,521.477765374,628.594708719,500.38279588300003
2044219115,-9.37301938389,9.36489708364,2044220152,619.231699777,527.895578179,630.476844886,500.542388043
2044237154,-6.41768778537,6.41507877444,2044240151,616.238813561,534.992454296,628.24101336,497.872203095
2044252168,-3.4741174218,3.47370336416,2044256151,617.868018052,537.599409945,629.158820342,501.194886717
2044288176.0,2.41031472455,-2.41017643516,2044292155,634.915578587,538.693726809,643.365771806,513.259708492
2044303187,5.63831539937,-5.63654590727,2044304156,636.898502289,547.095610735,649.125395335,520.853436909
2044318204,8.43163333042,-8.42571930477,2044320157,639.031364366,549.7649660019999,652.77682011,530.671996801
2044336230,11.259038742,-11.2449687157,2044340159,638.298708497,552.994011786,658.567851722,536.43799595
2044354232,14.2106438468,-14.182385222,2044356162,640.770618876,551.9007112090001,661.6670763669999,533.189268963
2044369270,17.2939576243,-17.2430980412,2044372168,642.307007032,552.982026205,665.015347917,534.721877769
2044387297,20.1265379994,-20.0464951943,2044388174,645.730791434,550.223248386,660.256224168,537.0590605369999
2044402283,23.2343427178,-23.1114427329,2044404179,649.61574753,548.399411432,660.801978694,537.269889443
2044420301,26.0775727612,-25.9041616404,2044424186,656.262541979,547.077305058,663.298184732,533.8700043169999
2044435314,29.0715066198,-28.8318218432,2044436191,659.083136658,546.400853063,665.442692653,534.7040050219999
2044453342,32.0641123017,-31.743373265,2044456198,665.476815656,551.689190233,669.483817274,548.818597374
2044468346,35.0849986276,-34.6660142056,2044472201,664.848617423,571.112210505,673.191456702,561.37397491
2044486365,38.0995206367,-37.5646735747,2044488204,672.040177203,577.511296309,677.0089839130001,570.253036316
2044501389,41.2670091663,-40.5897755936,2044504207,675.424313304,583.353257827,680.916327184,576.031239662
2044522430,44.1749866278,-43.3471466959,2044524210,674.743786694,588.7276134580001,684.710819164,582.149617206
2044534412,47.5974249742,-46.56639495,2044536213,676.284054125,587.8937296280001,688.4582791280001,585.883807244
2044555435,50.3198215576,-49.1060346739,2044556217,682.121401983,590.101145567,692.536438036,584.1675253999999
2044570443,53.7744917356,-52.3004130899,2044572224,683.998145346,593.916448172,690.6017582210001,576.893531854
2044588464,56.5276185998,-54.8223643828,2044592232,684.662717256,593.0343086,690.5606226069999,565.750356687
2044603479,60.0508442467,-58.0176690754,2044604237,683.572773922,594.654913229,692.7169733789999,561.236252119
2044618521,62.8148784148,-60.4982851397,2044620244,683.696710925,590.911481749,697.7350635239999,563.514977217
2044636511,65.9954079616,-63.3232081773,2044640252,704.860645992,591.426740631,707.40444437,571.3917317180001
2044654523,69.3263489268,-66.2468201163,2044656258,705.168674751,592.511426929,713.2337952239999,575.750530082
2044669554,72.6377295856,-69.1167684169,2044672258,709.117320838,593.975221907,719.872782262,582.707185141
2044684558,75.6569279664,-71.7008910853,2044688257,712.042850465,594.766773177,725.8955088519999,581.1458975080001
2044702572,78.9217837876,-74.4594075426,2044704257,721.196962045,595.4383799469999,726.711006754,579.790509335
2044717620,82.2092010687,-77.1984770645,2044720256,727.894429038,593.373869375,728.1128754939999,578.583829319
2044735605,85.5386996137,-79.9323808477,2044736256,727.485559599,592.9731021480001,732.9042013589999,585.701128937
2044753628,88.8788560347,-82.6335657805,2044756255,728.176314422,595.95916614,736.6727284860001,594.757393515
2044768636,92.2723667525,-85.3346053564,2044772246,728.486131781,601.260725336,738.8257695919999,601.878944052
2044786652,95.6701774555,-87.9946438332,2044788237,730.635602037,602.239024751,739.5336674480001,595.2349220130001
2044801696,99.260388227,-90.756291903,2044804228,732.419801998,606.359284682,745.4452751919999,589.567083679
2044819689,102.579051652,-93.2636777728,2044820219,739.709339244,608.4992428869999,747.782859938,594.487072421
2044834726,106.109020068,-95.882292142,2044836210,744.241222421,608.387881213,746.918633965,605.849385609
2044855725,109.620689006,-98.437285425,2044856199,740.208616475,607.858146841,752.7120582580001,617.796993071
2044867732,113.670015464,-101.32088677,2044868196,744.788947173,607.1416159,754.61039407,623.6083502719999
2044885757,116.799733305,-103.503311667,2044888191,745.072816409,608.07303916,760.653233373,619.49783807
2044900764,120.60776588,-106.103885484,2044904187,750.949413052,609.507929898,757.063420129,620.201612277
2044921815,124.128241257,-108.454181217,2044924181,754.050817783,614.090214519,761.8714162719999,613.494348696
2044936795,128.200192248,-111.107683992,2044940177,758.190129977,614.163324328,762.8564178930001,618.55576295
2044954816,131.605008183,-113.272700285,2044956173,760.444114535,617.243132349,766.5572564060001,618.78620176
2044969830,135.68040038,-115.799485711,2044972170,762.642924104,616.368955474,769.030458261,623.328788149
2044987847,139.245602648,-117.9520056,2044988167,764.10092439,616.471826878,771.0350995660001,623.170821499
2045002862,143.400125191,-120.391915293,2045004164,763.348325059,613.725861897,770.0318414510001,627.659639941
2045017888,147.048814232,-122.473881556,2045020161,767.51215328,613.962167343,771.269139735,634.4826742
2045035898,151.013504463,-124.671507847,2045036158,776.041087235,617.5283449140001,776.762926543,639.727538015
2045053912,155.026052767,-126.827008841,2045056155,780.287525026,622.96959378,784.410120933,643.183086673
2045068925,159.256334352,-129.024608164,2045072156,782.555308648,625.6822440330001,791.2541594260001,641.5846841590001
2045086984,163.167772523,-130.988148045,2045088157,784.893519539,628.646977472,793.868079671,639.714256512
2045101953,167.489409641,-133.081125626,2045104158,786.394706816,632.447703187,795.1859730010001,635.975737994
2045120044,171.481907003,-134.943329268,2045120159,792.179584614,630.288750962,794.8290926410001,636.063775794
2045135033,175.726950799,-136.84813167,2045136159,796.232327004,629.57454653,800.278478329,635.997301186
2045153008,179.990957954,-138.683419639,2045156161,805.204727501,637.05870509,811.027050327,640.6172806530001
2045168098,184.32658169,-140.469353311,2045168161,809.96559928,641.725947366,814.7104956789999,641.639825677
2045186082,188.679434806,-142.181051878,2045188162,819.816032341,650.270953601,818.086023368,653.20233073
2045201050,193.294144476,-143.906716069,2045204162,829.161594173,655.070676167,827.597025658,669.471645899
2045219137,197.55187467,-145.417616994,2045220163,836.783893399,656.320503492,834.805008682,669.226861235
2045234132,202.542754897,-147.08933004,2045236164,844.661354993,654.479341257,838.587956687,674.41332384
2045252108,206.608826326,-148.37195061,2045252164,850.603909252,654.205090908,845.521710598,674.731845561
2045270168,211.619658625,-149.854511232,2045272165,856.860523956,660.230680677,851.229778967,681.029278372
2045288174,215.84317709,-151.019906295,2045292165,859.462906373,663.8410270759999,857.528542388,689.8897947
2045303195,220.894239531,-152.312283265,2045304166,862.22765817,665.609350697,859.870690815,696.8874913469999
2045318168,225.258087304,-153.339721161,2045320166,860.787720867,667.130930355,862.917251155,699.880088012
2045336184,230.041637289,-154.370787839,2045340167,859.684759551,665.782456258,863.7251906939999,693.614621088
2045354247,234.839263999,-155.304537359,2045356167,860.884755905,665.004299323,865.6938206839999,686.464139245
2045369215,239.906955088,-156.181219741,2045372172,865.078232644,663.227446506,873.378575336,676.991332189
2045387287,244.571219022,-156.888059385,2045388189,870.95088478,660.018908739,878.384028248,673.0286706730001
2045402290,249.730584653,-157.557526744,2045404206,878.673435928,656.378981556,884.001033817,671.435367675
2045417262,254.463415248,-158.067102606,2045420223,881.611962159,654.365501375,886.2952739269999,669.497934892
2045435323,259.457425438,-158.49545835,2045436240,887.211220655,660.332008563,890.076214039,670.579060149
2045453300,264.492330148,-158.812639282,2045456261,893.505095316,665.840231595,895.2811726210001,671.9737340730001
2045468310,269.567318962,-159.014611674,2045472273,902.225843426,666.9888819290001,900.0504274680001,673.700194165
2045486372,274.625089848,-159.096933762,2045488285,908.838642286,667.3193722130001,904.4752187000001,673.813088677
2045501349,279.965721056,-159.053246163,2045504296,913.324969004,665.130640232,907.5550962919999,682.356327444
2045519406,284.85960174,-158.893708135,2045520308,918.179085431,665.966510137,913.745333027,687.329234009
2045534451,290.6612784,-158.554032109,2045536320,922.633294782,663.482142729,917.366290261,693.3115999969999
2045555421,295.170753324,-158.175224422,2045556335,926.666770023,664.977737704,925.278746223,687.017876158
2045570454,300.948266455,-157.540179188,2045572346,924.970341834,666.536010412,928.226720022,682.538542249
2045588427,305.746943502,-156.882189165,2045592344,928.285368136,665.639393494,936.662633087,677.444540489
2045603485,311.2105382,-155.985292467,2045604343,934.653372114,658.968101406,943.019880683,674.253583391
2045618456,315.878208655,-155.091362271,2045620342,943.240697383,655.500203168,950.97831301,670.9391887959999
2045636472,321.056371247,-153.958190322,2045640340,949.795752739,657.495429341,954.91247633,667.910747016
2045651576,326.224981566,-152.674327886,2045652338,954.405564575,659.30505178,954.5835647260001,669.834599366
2045669503,331.667519752,-151.151858064,2045672327,960.478307816,662.415757548,957.739448439,676.742746602
2045687566,336.502815131,-149.647206389,2045688316,962.876540775,665.436609458,960.1223694339999,681.669169015
2045702580,341.829856313,-147.817356026,2045704305,963.581667373,670.80099823,962.920112735,683.022361005
2045717555,346.66434331,-145.994007403,2045720295,959.663394034,671.97519359,964.8207121419999,679.8130260190001
2045735614,351.698434889,-143.923381303,2045736284,961.588563612,668.517351303,969.957356387,674.283802398
2045753587,356.681579938,-141.692551189,2045756270,1018.20989075,649.770410179,1022.06680373,659.9108728790001
2045768597,361.835370762,-139.185548925,2045772259,1029.3815798,645.1254987469999,1030.15879165,647.141237826
2045786661,366.483971491,-136.740127313,2045788247,1031.95207395,642.13899444,1033.74189207,635.353938869
2045801630,371.509533252,-133.8876718,2045804234,1035.47758865,643.116975573,1042.73000555,627.651854775
2045819700,376.032081298,-131.12327934,2045820221,1040.55434695,635.6284719390001,1053.20333889,614.4894351080001
2045834711,380.704179492,-128.057090848,2045836208,1046.24634333,629.535446817,1057.81204385,609.269827158
2045852687,385.263455147,-124.843310737,2045856192,1046.90520986,622.734462594,1062.51138833,606.558953059
2045869752,389.762416391,-121.43977469,2045872191,1045.30656414,620.662102121,1063.40652406,607.617001953
2045884715,394.303553294,-117.749339278,2045888190,1050.44508209,620.069065096,1069.34738863,608.416281226
2045902785,398.563281298,-114.032175921,2045904189,1054.34071899,618.511442313,1070.69334564,607.56697612
2045920752,402.518141388,-110.33700876,2045924187,1059.82250615,617.30793711,1073.78384382,607.939227579
2045935806,407.033454553,-105.798072107,2045936187,1059.50901137,617.7162186859999,1071.09373195,605.5331309119999
2045953826,410.430084659,-102.132198608,2045956185,1048.55756549,611.2173026969999,1061.35907234,600.39720491
2045968800,414.481312179,-97.4397899359,2045972184,1043.62808206,609.6480514790001,1061.15271091,602.426383311
2045986860,417.770551711,-93.3394895296,2045988183,1040.06174781,610.85009258,1058.76236466,604.368243527
2046001836,421.375000456,-88.501046608,2046004183,1043.2504543,609.2630407309999,1060.35700407,608.486980378
2046019890,424.636204091,-83.7614421476,2046020182,1043.28707623,610.823655069,1057.7259312,606.479334312
2046034902,427.603075295,-79.0969641226,2046036182,1046.37684011,606.572334348,1056.04322249,607.165295196
2046052881,430.531308351,-74.0997657065,2046056181,1052.72861733,602.83785123,1057.14645704,602.533268662
2046067895,433.397697653,-68.7470967085,2046068181,1054.22302064,600.188026116,1058.4258791000002,602.036804006
2046085912,435.838833514,-63.7423965024,2046088182,1049.987261,600.186098985,1061.2982982,597.563918133
2046100957,438.296865625,-58.1752721991,2046104182,1048.64848962,599.3838450119999,1067.89142947,593.880300844
2046118943,440.355185671,-52.9853389963,2046120182,1050.89044979,600.242029593,1072.72493823,591.810288975
2046133956,442.313754407,-47.4472224245,2046136182,1053.75589105,598.3175948830001,1073.01211331,592.438351726
2046151984,444.048101879,-41.8664499591,2046152183,1054.30499923,596.933670117,1074.68818765,588.912900057
2046169990,445.574140758,-36.1888562395,2046172183,1055.21054516,594.780447025,1077.29761132,586.2851619180001
2046185037,446.873853659,-30.4762123456,2046188183,1053.99057664,591.201401204,1078.66643391,582.628921735
2046203025,447.995290445,-24.4477582397,2046204184,1054.58441532,585.082659284,1075.07599864,581.994905336
2046221049,448.80653038,-18.8870927975,2046224185,1061.53198138,574.016058355,1074.75555164,577.9352563030001
2046236059,449.494928522,-12.2998073576,2046236185,1063.74729255,569.6442918390001,1075.98261336,574.513699963
2046254072,449.829178054,-7.15678460188,2046256186,1068.81333633,559.963565304,1080.74390942,558.793010059
2046269092,449.99882155,-0.59458698226,2046272186,1071.00362593,543.916341227,1086.33061558,530.846996803
2046287113,449.929065992,4.61254197843,2046288186,1072.3001296,539.26131055,1090.69000794,524.652304332
2046302125,449.592825845,11.0453042724,2046304186,1072.39560574,532.693502995,1093.70126916,520.4312312530001
2046317142,449.106280308,16.3516495443,2046320186,1071.835115,531.903419693,1097.48154827,520.58085873
2046335153,448.350842784,22.186247192,2046336186,1072.23685575,529.3060269609999,1099.24107348,518.94464248
2046353176,447.367483379,27.9882273376,2046356186,1074.34083056,532.199233125,1093.45283552,515.796372597
2046368186,446.082869956,34.0725777125,2046368186,1072.94737614,527.653538503,1090.29968932,508.816168885
2046386203,444.729275013,39.4400356879,2046388186,1071.2677077,517.781154449,1090.15243323,494.940992434
2046401245,442.976942814,45.4015283762,2046404182,1073.07173341,505.908356315,1089.80811744,488.26813454300003
2046419236,441.228219365,50.6002970529,2046420178,1074.09576114,498.703856781,1089.2262082999998,490.93999027
2046434248,439.157137296,56.0730802476,2046436175,1074.31912134,495.989138474,1085.31852159,495.775300761
2046452269,436.884505218,61.4468288049,2046456170,1073.72867621,494.885923871,1085.62128009,496.941208464
2046467283,434.406348687,66.7346782886,2046468169,1072.21210806,494.95959005,1086.7696798,495.271059875
2046485303,431.739302,71.9053524148,2046488166,1066.69759581,481.76257964300004,1078.59610403,477.94329814300005
2046500312,428.766010387,77.1632902683,2046504165,1061.53986792,462.909501509,1070.25074842,463.727133897
2046518328,425.860662179,81.8804915505,2046520163,1055.9202562,452.89073337,1068.01458591,447.39521791
2046536372,422.642103263,86.7036147745,2046540161,1046.50645114,450.08470682300003,1066.41047256,441.29913567
2046551366,419.283954082,91.3549663187,2046552160,1037.70225478,449.19219648300003,1061.02446757,435.52636216800005
2046569384,415.737464262,95.9066918726,2046572157,1033.63900739,443.465968731,1056.40443443,428.46377426099997
2046587421,412.071681521,100.27514369,2046588156,1029.31929087,438.63375281699996,1051.73202987,423.58073266199995
2046602409,407.731569384,105.06317177,2046604157,1024.43896316,430.425916772,1044.9238493999999,421.45600982699995
2046617431,404.282164361,108.606496949,2046620160,1026.16775757,424.71116570199996,1040.16772562,419.190843018
2046635441,400.19200908,112.540233158,2046636163,1028.33146214,423.218585543,1036.05360203,418.41960438
2046653468,395.976669428,116.320177089,2046656167,1031.94018678,426.698211178,1032.87419369,413.447238415
2046668481,391.319736102,120.204229831,2046672169,1023.95176295,431.42290187300006,1030.89563345,404.915267083
2046686493,387.221179289,123.39175147,2046688172,1016.39437799,431.19545386,1027.27893664,398.282498173
2046701512,382.374429846,126.906061777,2046704174,1007.40845908,433.230449836,1026.61117492,394.424875934
2046719528,378.071023087,129.812348053,2046720176,1001.93445003,427.76249730300003,1026.14630193,395.713081167
2046734533,373.36059863,132.779555521,2046736178,999.375898679,419.488569304,1024.20152586,396.178894343
2046752564,368.583811776,135.57542422,2046756181,995.349101197,414.13781718,1014.75603546,394.337983048
2046767570,363.735604844,138.207617332,2046768183,990.912182334,410.78896191900003,1010.18147025,386.154740909
2046785594,358.833833585,140.670957226,2046788186,986.301439329,402.080695242,1010.14736617,378.978604854
2046800617,353.639433014,143.076374102,2046804187,986.890493574,395.88565907199995,1008.69075142,373.396868517
2046818629,348.848159396,145.117775107,2046820187,987.189175372,390.181207547,1006.56679604,371.806216626
2046833634,343.793479178,147.095822776,2046836187,981.86064736,388.154742653,1001.53105475,370.69939469699995
2046851655,338.717576382,148.908758996,2046852188,975.426465289,388.07720441199996,993.944388247,372.019338375
2046869674,333.576980377,150.575066365,2046872188,967.100696219,389.132711946,984.390823833,371.609664824
2046884685,328.452197703,152.072794335,2046888188,962.365143503,389.11299179400004,976.57201576,366.27949898300005
2046902705,323.071854247,153.475974063,2046904187,956.369967159,388.162281549,969.2869579860001,358.202618955
2046920722,318.123133057,154.618600419,2046924187,949.499205004,382.80262466199997,965.8911376130001,354.720756268
2046935730,312.355387234,155.777050561,2046936187,943.699775484,382.61809650099997,961.21759579,360.10583656
2046953750,307.7752198,156.567788214,2046956187,939.654599601,379.60902898800003,950.291380533,365.12726529300005
2046968766,302.045487223,157.400279189,2046972187,931.064180818,383.075514983,947.399449977,369.991086424
2046986783,297.412032954,157.949015392,2046988186,923.581182918,383.327691698,943.3106511489999,374.259473277
2047001791,291.702501329,158.475555196,2047004186,921.276832948,382.21401888099996,936.863459767,375.946541313
2047016815,287.095326601,158.782305271,2047020185,916.668860039,379.02493233900003,933.85218739,372.43480424800003
2047034861,281.954722233,159.002292303,2047036183,912.695937935,379.591401914,927.95958535,364.474227713
2047052854,276.831652276,159.095255276,2047056182,908.778180189,377.829360835,924.103226981,354.90896444699996
2047067860,271.507380786,159.060309309,2047068180,902.861149225,376.699701226,920.582211072,357.507310772
2047085884,266.671576628,158.91392482,2047088178,897.676751559,374.42979689099997,916.0397210589999,362.99433963300004
2047100894,261.389061197,158.630820108,2047104177,896.801122173,368.0949848,909.190366923,360.34490433800005
2047118910,256.631958579,158.266953885,2047120175,895.167442716,363.392005179,905.5484939139999,353.20693341300006
2047133923,251.644401075,157.775674892,2047136173,891.3502542,364.004704229,903.122226804,346.090845171
2047151941,246.709753552,157.179921078,2047152172,885.321392809,365.44102284900003,903.10397192,341.504102747
2047167005,241.797102894,156.47924836,2047168170,882.146814541,364.720735962,904.3436505310001,339.548691814
2047184971,236.943051936,155.682185669,2047188168,875.04806729,366.983864315,899.2673103989999,344.30942180000005
2047203036,231.895762119,154.743588263,2047204167,867.249362114,366.000411134,889.409868905,353.98269732
2047221011,227.33000506,153.798551566,2047224162,863.017793674,369.38379872800004,883.7916475060001,370.799720607
2047236063,222.149083618,152.616199312,2047236159,859.959913235,369.567503204,876.6949140439999,373.293705569
2047254084,217.881831704,151.554822447,2047256154,851.630322696,371.32330375099997,867.078552362,377.45561851599996
2047269050,212.826531685,150.195391591,2047272152,848.206781114,370.64841895300003,863.591754806,376.852763017
2047287113,208.608525016,148.976595712,2047288151,844.613739929,368.56676255699995,860.953649822,377.88451128800006
2047302122,203.564607794,147.418371428,2047304149,843.40656224,370.46690440699996,860.61415956,377.06842134
2047317105,199.312017642,146.019426549,2047320148,839.900801159,372.48221755300005,857.61226559,377.625876509
2047335166,195.037110191,144.534657531,2047336146,836.588505712,376.901348146,854.19763556,378.47408695800004
2047353136,190.597536336,142.909449024,2047356144,821.756536234,381.71639355599996,843.959578735,377.199041467
2047368171,185.923589271,141.106819218,2047372142,817.150006874,382.783732312,837.149346765,378.418659452
2047386210,181.871506515,139.467985196,2047388141,811.535543463,386.47920935199994,831.04456589,384.98408494800003
2047401177,177.363117977,137.56160679,2047404139,808.602657186,388.69973644,828.060968182,392.067032239
2047419217,173.322043046,135.778536899,2047420139,803.170404109,389.005306533,820.216410444,399.379404827
2047434259,169.124963544,133.852279212,2047436139,801.974419189,383.717939266,812.898112869,400.67223295300005
2047452230,164.949914208,131.860972651,2047456140,799.878979752,383.485626445,809.02380268,404.44207917800003
2047467290,160.841224756,129.828146803,2047468141,798.707667893,381.67673457800004,808.833474357,406.27974695800003
2047485261,156.774005172,127.74437651,2047488143,795.457727236,392.747515825,810.01045312,408.96740713300005
2047500274,152.566799498,125.514119891,2047504144,792.597859978,396.580733702,806.9287435739999,404.41494524
2047518295,148.766360941,123.43418962,2047520145,788.468924588,399.248910485,801.514875302,394.240159745
2047533308,144.809326645,121.202768742,2047536146,783.289632892,399.143303066,795.933837887,384.638956586
2047551364,140.923393429,118.946229962,2047552148,778.674905701,401.94453184300005,793.560129143,380.63538498099996
2047569346,137.055697189,116.636247976,2047572149,774.786815247,406.80244603,789.412334434,379.053826566
2047583410,133.244696141,114.297804688,2047584150,771.440996153,412.861070892,780.594379399,382.514334762
2047601379,129.463762094,111.916872646,2047604152,768.711681525,414.983518205,772.2210208089999,392.50319310300006
2047619444,125.573048175,109.403689248,2047620154,768.272701638,413.456962508,772.0172131530001,398.011699435
2047634447,122.041033018,107.067012827,2047636157,770.030148817,412.697935272,771.7389589339999,404.67740844699995
2047652422,118.379326161,104.589374258,2047656161,762.33254149,416.52286344,767.1452901380001,415.85479303
2047667479,114.746452822,102.076083422,2047668162,760.693308318,423.794080995,765.906755895,420.193983022
2047685461,111.165367769,99.5452203705,2047688164,751.082350942,429.03686289800004,762.264851725,424.883600875
2047700468,107.607198939,96.9784595436,2047704166,751.91102833,431.426900301,758.069688103,430.625196024
2047718488,104.093868663,94.3935501873,2047720167,753.290181137,436.343048459,754.6008296130001,441.775552081
2047733506,100.215015278,91.4820428068,2047736169,756.267102619,439.79460278,755.034871532,444.89000703199997
2047751524,97.1591126925,89.1461088293,2047752170,752.805469991,444.27479734599996,749.5557403610001,441.977630032
2047769536,93.403620256,86.2251972326,2047772173,747.245980538,446.57361630800006,742.787755263,435.721011599
2047784550,90.3440461079,83.8051681726,2047788174,741.967439903,451.554890455,740.568691755,440.933480127
2047802606,86.7160685682,80.8892984833,2047804176,738.389319325,453.631159668,740.761281068,444.733975305
2047817588,83.6514779599,78.3877708705,2047820177,735.009183289,458.49039406199995,738.107690984,451.052290316
2047835648,80.3417526766,75.6473129561,2047836180,733.403207183,461.032808638,734.5116113910001,456.965262292
2047853624,77.0643214192,72.8946340962,2047856182,732.035428294,464.339069447,726.121200978,462.275338816
2047868637,73.6568806583,69.9925731001,2047872182,726.827105011,464.94775206300005,720.360666899,463.00953163099996
2047886669,70.5795325367,67.3372822381,2047888182,719.972407755,460.21031312900004,717.2332596089999,467.38000257199997
2047901659,67.232627464,64.4133609407,2047904182,715.924253679,455.478946118,720.828853512,467.856782819
2047916680,64.189422169,61.7230724146,2047920182,714.096713867,458.805154697,721.90189248,470.242186128
2047934743,61.0227760775,58.8926086361,2047936182,713.845953175,468.362031374,722.409297492,466.007257307
2047952713,57.8878935455,56.0603759202,2047956183,708.545716454,479.466258883,715.588775182,469.402690501
2047967776,54.7593246253,53.2050203308,2047968183,706.915141351,482.557669187,716.078798508,471.478755625
2047985794,51.6620719714,50.3510017969,2047988183,707.579453434,483.23916020900003,716.8304042560001,470.266388123
2048000755,48.4340381665,47.3488857764,2048004183,703.14574103,487.53587712,711.8272876410001,471.073213691
2048021784,45.5084835184,44.6048961656,2048024187,699.328097201,492.072493286,708.029595002,482.16741954099996
2048033795,42.0279464458,41.3131915411,2048036199,696.450609993,491.516251855,702.871504667,490.54217848699994
2048051858,39.4100471401,38.8189380188,2048052215,693.688377806,492.97933252,701.4833066760001,494.94064696199996
2048066863,36.0280966559,35.574841948,2048068237,684.12972345,494.84124081,696.973921735,492.462735849
2048087892,33.3690442752,33.0079722294,2048088266,676.649618743,503.50626509800003,685.250131411,487.164285986
2048099900,30.0407099628,29.776463253,2048100283,673.516422762,506.43161599300004,677.477623764,488.867399394
2048117889,27.3774303763,27.1769756945,2048120312,670.784617482,512.119964034,672.4843186080001,492.89236298599997
2048135938,24.3935554941,24.2514414703,2048136335,662.973937162,512.480866818,670.922914744,498.688496654
2048153932,21.4186234322,21.322229664,2048156364,654.525830333,515.67696372,667.574453941,506.71000667199996
2048168930,18.2442145161,18.1845316072,2048172387,658.264596126,513.975541124,665.5790202869999,507.62543425300004
2048186939,15.4833451599,15.4468140675,2048188410,662.922833028,521.079003047,661.665237629,505.45325823400003
2048201960,12.3766989549,12.3580164017,2048204434,660.665385188,527.983642866,660.520906367,509.301905525
2048216981,9.57615077843,9.56748936588,2048220457,650.325434366,530.182052056,660.210202795,512.720859136
2048234994,6.6265666626,6.62369463672,2048236468,640.219655861,525.4855924230001,657.192521482,518.495058629
2048250009,3.55265173891,3.55220896534,2048252476,636.21560259,522.1862540340001,652.1972865480001,515.7090976669999
2048268017,0.739384702284,0.739380710079,2048268469,630.62384136,526.30045719,648.531698813,508.703448245
2048286038,-2.2052589556,-2.20515304182,2048288455,632.273456726,537.488001842,648.355068943,517.49564152
2048301070,-5.28076545949,-5.27931162066,2048304443,632.428244249,541.40659806,644.688953346,520.766524971
2048319067,-8.0987270493,-8.09348581366,2048320431,633.078760839,541.214589599,636.576481556,524.025336724
2048334079,-11.0546601349,-11.0413416022,2048336419,628.642034101,538.927348743,630.094688125,532.070463259
2048352100,-14.0047550868,-13.9777047013,2048352407,624.57884643,545.102364935,630.139382536,534.895442138
2048367111,-16.9638770218,-16.9158664294,2048368395,621.017780069,549.002745905,636.5415872269999,537.768404581
2048388133,-19.9226741864,-19.8450298387,2048388381,613.590308182,556.760700345,635.66509024,537.074032738
2048400144,-23.3005348148,-23.176587011,2048400372,610.207415085,561.3263859909999,632.9309322409999,534.599388599
2048418171,-25.8712037491,-25.7018507434,2048420357,607.617256561,569.933492042,624.476944459,533.345230552
2048433228,-28.8579492183,-28.6234659866,2048436344,606.481846,570.4793052819999,622.783633341,528.665192125
2048454201,-31.8572481474,-31.5426172422,2048456326,601.578962666,565.691141156,621.76161377,532.493239659
2048469219,-35.1634941176,-34.7417244025,2048472324,601.78308967,560.225224376,616.27909544,537.080979619
2048487229,-37.8921001848,-37.3658234738,2048488321,601.413804275,556.145815633,607.8309735830001,540.099270165
2048502245,-41.1709084409,-40.4983202285,2048504319,596.434522521,560.513323865,601.977160053,550.766167958
2048517271,-43.9659199185,-43.1495680832,2048520316,592.265226703,573.652101809,599.9385288569999,558.6154096180001
2048535275,-47.0422992959,-46.0462002568,2048536314,588.909635842,579.4279957580001,599.02649895,565.770817959
2048550289,-50.1049346082,-48.9062763264,2048552311,587.206987359,583.075233399,600.763050501,570.4616201619999
2048568313,-53.2001778176,-51.7716329158,2048572308,587.867208557,584.002788686,600.150911564,571.592299489
2048586323,-56.3199822764,-54.6329175441,2048588306,586.614020469,585.65172162,597.4556810409999,570.145595099
2048601347,-59.5955580909,-57.6068343312,2048604303,584.342928685,589.919175806,593.58259953,570.155824767
2048616366,-62.5984813731,-60.3049262265,2048620301,578.460309652,591.743996445,588.6359113230001,568.9744500119999
2048634372,-65.7693835422,-63.1235171743,2048636298,573.783391275,594.2973642540001,583.202928128,568.568609531
2048652393,-68.9673949659,-65.9335121551,2048656295,568.270313609,595.351982429,580.179215247,576.338926181
2048667401,-72.1881750678,-68.729316276,2048668296,561.169735109,596.504086575,580.546389106,578.842866821
2048685429,-75.4240580817,-71.5027028945,2048688298,556.875159981,591.372803144,577.307344942,561.7337512619999
2048700460,-78.6999097424,-74.2731409969,2048704299,555.115767247,594.933710085,580.134345747,567.0683207659999
2048719447,-81.9846902898,-77.0126616717,2048720300,556.082559861,600.4795178090001,579.661025701,577.300566964
2048734468,-85.3005938414,-79.7382296185,2048736301,557.235045017,608.4434637859999,573.87780801,585.517565287
2048752491,-88.6465264762,-82.4470405525,2048756302,551.519025604,614.7269678719999,569.941300766,589.748582443
2048767525,-92.3278105202,-85.3783691211,2048768303,547.65200301,615.78341578,565.83236017,589.17491747
2048785522,-95.4301439469,-87.8082023959,2048788304,542.620756063,618.598110999,565.288927147,579.648486792
2048800529,-99.3109627223,-90.7948315825,2048804306,540.398726567,619.450034414,562.7534754980001,573.550588271
2048818550,-102.340203146,-93.0846853805,2048820307,537.724446892,619.9125922759999,556.6436585619999,569.633165306
2048833565,-105.846310746,-95.6891390802,2048836308,535.455166057,621.564461397,553.225023002,574.07065388
2048851580,-109.377462441,-98.2619395017,2048852310,534.000696225,623.408291283,551.875597975,578.397060682
2048866592,-112.955507239,-100.816968996,2048868312,526.699118396,627.821182716,556.467591967,587.164875953
2048884645,-116.556655112,-103.3352608,2048888314,518.792711048,628.03769248,546.1993167999999,592.657728698
2048899626,-120.354415756,-105.9327457,2048900315,516.76912758,628.317351227,544.408422403,593.227372321
2048917649,-123.878017225,-108.288845742,2048920317,516.349926692,630.576576809,537.2877994090001,591.835338586
2048935656,-127.59807062,-110.719712948,2048936318,513.469053815,631.231085132,537.357935669,600.381116875
2048950680,-131.343527464,-113.108172868,2048952320,509.675581601,633.278527208,534.461806382,602.693745572
2048968691,-135.148226063,-115.473538481,2048972321,504.311822165,637.1040134819999,531.250453757,603.694168714
2048983707,-138.977533097,-117.792040084,2048984323,499.137661059,641.544777823,528.565750615,599.154247768
2049001758,-142.8614049,-120.079691828,2049004324,493.607830927,640.360863695,525.054432382,603.410049531
2049016752,-146.776611208,-122.320528163,2049020326,497.365415443,641.350020928,527.243378317,605.1765222280001
2049034758,-150.74929401,-124.52715217,2049036327,496.881696466,646.079262619,518.815213633,611.621466218
2049052787,-154.918547261,-126.770159028,2049056326,486.654182023,651.13447715,509.396219842,617.277700785
2049067815,-159.205687589,-128.998752286,2049068324,478.905043177,652.609602159,508.91864715099996,615.713222409
2049087780,-162.886472596,-130.84913038,2049088322,470.98279946,650.370104577,503.905648754,619.1430261940001
2049100818,-167.554184371,-133.111885287,2049104320,463.793333665,650.33858915,500.72001268599996,617.973512345
2049118836,-171.199132745,-134.813691773,2049120318,460.772954582,650.551341654,495.660207549,615.898274094
2049133848,-175.430298768,-136.717539115,2049136316,460.682084304,653.574409437,493.604772173,611.645588005
2049151894,-179.704181433,-138.562439783,2049152314,461.109649836,652.986290894,490.14045988699996,615.620794409
2049168902,-184.487496842,-140.534081607,2049172311,460.08750553,650.992786232,486.491482215,616.920019405
2049186914,-188.386163532,-142.068287532,2049188309,456.566421681,653.027971322,479.899068361,617.022037415
2049201922,-193.117174013,-143.842227591,2049204307,452.129211502,660.66448622,468.30506401199995,617.884472946
2049216947,-197.247740279,-145.312279208,2049220305,444.939815763,664.368089679,462.491067607,618.660378586
2049234959,-201.755331413,-146.832707091,2049236303,438.733236124,663.1680501000001,461.992638237,619.8039168409999
2049249971,-206.301026601,-148.277350143,2049252300,433.610036822,662.311815226,462.18284283,624.70810658
2049268035,-210.899517517,-149.648110843,2049268297,434.253261248,667.1321389990001,457.179097005,625.888874266
2049286049,-215.544814282,-150.940110953,2049288294,433.917698722,667.2060797219999,455.607688807,628.300530815
2049301016,-220.415832065,-152.194616901,2049304292,432.68733839,672.7693094040001,455.77614772,631.154688158
2049319079,-224.927787404,-153.264849075,2049320290,427.175296652,667.802820151,449.754678188,631.813610191
2049334091,-229.702209703,-154.300914642,2049336288,423.092735392,672.618545626,448.073051332,632.109618654
2049352119,-234.501081211,-155.242018904,2049352286,421.417670214,674.967696169,446.73061799199996,635.135506245
2049367130,-239.831525383,-156.168999327,2049368284,416.391794562,675.971736203,441.668207367,633.415999055
2049385112,-244.453342139,-156.87138163,2049388281,411.124024096,677.447056988,436.830942386,637.970131289
2049400152,-249.552532956,-157.5363988,2049400280,393.473691174,680.785957389,416.49825855,638.393170981
2049418174,-254.116536458,-158.033168886,2049420277,376.814269427,686.905514794,400.162715998,635.233835758
2049433146,-259.332783039,-158.486141169,2049436275,366.32765218,687.789510291,386.983911098,630.5671214390001
2049451263,-264.134679319,-158.793932154,2049452274,357.59010142,685.6098191130001,376.408766355,629.266037169
2049466215,-269.192609515,-159.003769726,2049468277,349.963491575,685.7957685719999,364.425242191,632.38162049
2049484242,-274.274847867,-159.095091302,2049484279,345.637019968,684.35694929,359.401373153,630.854282524
2049502249,-279.610002213,-159.060365011,2049504283,346.172857693,682.290705787,355.14117500699996,631.377636084
2049517234,-284.508276446,-158.909007082,2049520285,346.81693261,680.998581521,354.05997664800003,632.416422904
2049535279,-289.644555467,-158.625489811,2049536288,347.279235433,680.754118021,355.79593339400003,635.258544522
2049553261,-294.810614485,-158.209211116,2049556291,345.986294673,674.911371056,356.350687845,637.045445563
2049568301,-300.5668288,-157.587360086,2049572293,342.793834487,670.706077561,346.877334627,635.670124146
2049586336,-305.165698286,-156.968286781,2049588296,334.461153143,671.0464252830001,344.36174979199996,633.804230822
2049601307,-310.836654542,-156.05176287,2049604299,332.641371958,676.038626897,341.485994937,629.85976001
2049616322,-315.521443773,-155.163912201,2049620301,329.869185521,680.099975056,338.08950319900003,631.660117526
2049634376,-320.701926699,-154.040586039,2049636304,328.022827773,681.690363475,333.586174072,632.741682834
2049652364,-325.864120875,-152.769023186,2049656309,321.097572411,682.149571049,325.07441477599997,631.810141734
2049667421,-331.01669527,-151.343333727,2049668314,320.415697558,681.0770159690001,325.267523861,634.0772647059999
2049685387,-336.14401773,-149.763890731,2049688323,310.673669537,679.926905323,318.55259881,629.336459015
2049700398,-341.483645438,-147.941908166,2049704331,307.749906201,680.625065406,318.92520251400003,635.094942668
2049718470,-346.315610877,-146.130860808,2049720338,307.874416606,679.080711537,314.875632373,633.85390836
2049733435,-351.350951934,-144.072114678,2049736346,309.084622471,681.007875169,316.585127644,636.4847755119999
2049751503,-356.335648055,-141.853429795,2049752353,300.518448632,678.499433045,315.488772739,640.636405513
2049766504,-361.284396834,-139.463606032,2049768360,289.174998874,667.535872559,314.54367444400003,639.3850441769999
2049784481,-366.152010123,-136.920769899,2049788370,284.558779917,658.204316254,308.212921398,637.6048582369999
2049799537,-370.97286869,-134.203034969,2049800375,280.821055967,655.165790099,299.89436641,635.069548028
2049817522,-375.70807716,-131.327820617,2049820384,274.959314852,655.9373664369999,290.257505214,631.3897475040001
2049835545,-380.37045773,-128.28352394,2049836392,270.234919098,654.6378459059999,283.07896695799997,625.4953868590001
2049853549,-384.959003088,-125.065085448,2049856401,264.563692252,652.749090603,277.653956827,616.152387255
2049868562,-390.047246923,-121.216071468,2049872393,259.582900556,649.511226695,276.356686356,615.978961522
2049886616,-393.812542975,-118.161449234,2049888386,254.805886526,648.4441975999999,273.922598879,614.695958207
2049901587,-398.34015905,-114.233417502,2049904378,250.976919201,645.0374421,265.14437214,609.70881193
2049918640,-402.23613833,-110.608794683,2049920370,244.361589361,641.723603088,262.263753064,605.031685522
2049933620,-406.272838426,-106.588297442,2049936362,242.737992578,636.265579376,258.99365168400004,605.7212495719999
2049951686,-410.16342323,-102.428430356,2049952354,240.612507471,631.184271317,256.015611052,605.324800787
2049966703,-413.923690867,-98.1079930375,2049968346,240.541115676,625.876535505,249.32711373400002,600.383584528
2049984670,-417.530166588,-93.6487876289,2049988337,238.97824455,616.625498484,245.159110403,596.510418659
2049999732,-421.133555545,-88.837550535,2050000331,235.957194148,614.722496017,240.44589452099999,595.431832333
2050017705,-424.270257579,-84.3122929383,2050020321,218.765273098,604.41662651,241.972338468,598.426597787
2050032717,-427.396979741,-79.4331144251,2050036313,209.755726229,601.925178821,242.41213257400003,601.023372893
2050050790,-430.333547615,-74.4511408128,2050052305,204.807899661,604.640053191,240.64795822099998,600.960497214
2050068750,-433.102077539,-69.3232833006,2050072304,203.386380308,608.44948612,235.73533431400003,597.363399148
2050083814,-435.666828626,-64.1106259839,2050084304,204.824106662,608.472509735,233.98343768900003,591.647705329
2050101786,-438.04513063,-58.7740107549,2050104305,203.450656007,597.144649531,221.69907166599998,577.7736368440001
2050116806,-440.20988854,-53.370654836,2050120305,202.912385259,587.696396972,216.755606602,566.457284256
2050133871,-442.175831935,-47.8606163683,2050136306,204.057498601,579.9868291390001,212.211630496,558.926511384
2050151881,-443.931066745,-42.2683026539,2050152306,201.150877894,575.227520897,211.772500742,555.102910665
2050166888,-445.612437591,-36.034101352,2050168307,197.046558068,567.771074224,210.803885742,553.839492081
2050186931,-446.788524621,-30.8852373211,2050188307,190.475805474,559.372546285,207.034674399,546.9561166369999
2050201931,-447.957935924,-24.6730488325,2050204308,187.722953563,553.038801725,204.979129894,539.832960928
2050216897,-448.753748625,-19.2986424771,2050220308,187.5817831,550.758461056,206.24089662900002,532.969276155
2050234962,-449.396722561,-13.4404716796,2050236308,188.291737397,548.988474516,210.862700873,527.191574734
2050252933,-449.808631522,-7.57473664915,2050256309,186.692258985,545.867709722,215.718605252,526.041165989
2050267954,-449.993359841,-1.41138477312,2050268309,185.573386379,542.993842053,215.01264566400002,526.773875237
2050282976,-449.941103235,4.20307242324,2050284310,183.853461542,537.607322581,213.42733175900003,530.84338053
2050301012,-449.65918188,10.1063291605,2050304311,181.242204023,523.2868286190001,200.92703421,522.2687479819999
2050315997,-449.148722516,15.9597099522,2050316311,179.951489563,513.749973547,194.96665992400003,510.213614574
2050334016,-448.410384387,21.7840669272,2050336312,182.04020084,508.23416269,196.007830893,502.59971088300006
2050352037,-447.442835922,27.5879859888,2050352313,186.463696913,508.331684084,198.226310523,503.450745705
2050367041,-446.100032072,33.9987649952,2050368314,191.984659778,510.48753240699995,202.368528045,507.024862291
2050385076,-444.836205619,39.0444497716,2050388314,191.832705578,497.635034791,202.941720352,504.827534272
2050400075,-443.031020009,45.2302447426,2050400315,191.605966445,494.14618883699995,198.15988273,499.659549846
2050418101,-441.360454802,50.2279481799,2050420316,191.123723847,492.153938494,196.339124151,486.725045137
2050433121,-439.306419596,55.698964863,2050436316,194.206692221,489.081141855,195.44738343,478.351272162
2050451134,-437.048860738,61.0766754669,2050452317,198.282097553,479.30461913,201.95671637900003,475.68163701699996
2050466165,-434.586100624,66.368160771,2050468317,198.66361364,474.32059298,204.000814736,473.568999139
2050484157,-431.938910466,71.5344669299,2050484311,198.391420116,468.944107337,204.876434086,469.72163273300004
2050501161,-428.959364121,76.8355103642,2050504304,199.7457663,461.40890809800004,212.309882425,457.248873501
2050516193,-426.07617232,81.5432063887,2050516299,201.803887688,458.223850179,210.719613451,453.824857545
2050534200,-422.880578221,86.3592499187,2050536292,203.260502348,450.951347452,212.19838289999998,446.997241034
2050549223,-419.526641366,91.0305745146,2050552286,208.069997283,443.582074365,216.623513454,441.02598484
2050567235,-416.003447354,95.5769881342,2050568280,208.863136111,439.880195069,223.44538050000003,435.98014118699996
2050585264,-412.324768786,99.9835970866,2050588272,209.764415256,432.82574027199996,220.98306384,429.19194205300005
2050600265,-408.49425401,104.249548016,2050600267,214.7613578,429.302794516,216.77206649099998,430.22964177800003
2050618298,-404.558239535,108.330821367,2050620260,226.661286669,426.380742704,219.929193319,429.003826575
2050633303,-400.481765272,112.27050894,2050636254,230.985751024,423.60681533800005,228.609833185,431.115301785
2050651322,-396.258691139,116.075415261,2050652248,229.650491358,419.61580953199996,235.496015775,425.437416144
2050666335,-391.953753798,119.692378158,2050668246,223.710177755,416.468651474,236.656915957,417.08508598
2050684355,-387.528800443,123.159592377,2050688249,229.728662759,408.83405176800005,237.298105108,410.692315198
2050699363,-382.990973318,126.473592376,2050700251,238.566875954,403.101322735,241.54190134900003,411.058588247
2050717385,-378.393792723,129.601012311,2050720255,247.1758733,401.49703148099996,247.874665332,412.44392499599996
2050735395,-373.688148915,132.580141552,2050736258,250.056492088,402.414691649,252.87474730000002,411.554525619
2050750409,-368.914374077,135.388564721,2050752261,254.344330674,404.29198917300005,256.64810537299996,408.029442113
2050768425,-364.062977968,138.03613898,2050772265,259.648635552,402.07401883800003,258.615756841,404.29398265
2050786456,-359.172005738,140.50716827,2050788268,264.252400619,401.214416394,264.00161312299997,402.912633261
2050801464,-353.553213076,143.114586072,2050804271,268.783083984,400.208570876,269.491130424,401.205562595
2050816481,-349.206494709,144.970800309,2050820275,270.890541715,395.62896883400003,277.70577805700003,396.781162205
2050834551,-344.152221232,146.96120737,2050836278,273.682366752,393.484636391,279.530462874,393.01665393400003
2050849512,-339.069637493,148.788468989,2050852281,277.721045401,394.091825746,283.06422593400004,391.196986014
2050867538,-333.948916301,150.460090052,2050868283,284.75772105,395.69322719300004,285.830469995,396.315678289
2050885549,-328.805344137,151.974697813,2050888287,288.330173792,391.031981457,293.454288778,396.661734852
2050900552,-323.111895039,153.466157037,2050904292,293.837395585,387.898734731,295.937863733,393.72153598
2050918573,-318.482046757,154.540402315,2050920296,297.972681966,382.32842305300005,301.23636588799997,391.09306983
2050933616,-313.294110522,155.600984846,2050936301,304.016917725,380.382134329,310.237410037,383.22871249699995
2050951609,-308.123276333,156.511644517,2050952305,311.896468329,379.014037295,315.319992475,380.345998061
2050966621,-302.94022924,157.281585682,2050968310,315.90114678,381.484366926,315.385172909,377.35101416
2050984648,-297.772532186,157.910257108,2050988316,319.661751503,386.20357602900003,316.82314505,376.68218931800004
2050999652,-292.596609782,158.403873077,2051000319,320.358184519,388.059017371,327.988333406,376.143462574
2051017677,-287.444789172,158.762691129,2051020325,333.860198022,386.853060531,349.96118567800005,379.44039286099996
2051032682,-282.297609712,158.99159164,2051036330,348.661778632,384.973577967,357.48799550900003,380.50933545199996
2051050702,-277.192120701,159.092796143,2051052334,354.601439336,385.432881484,357.312221702,374.40532611
2051065720,-272.091219736,159.070628784,2051068335,359.142351484,384.391873894,360.875539348,370.85726991900003
2051083738,-267.017822948,158.928004214,2051084333,367.408888544,388.80907468199996,369.10827648400004,368.306454954
2051101754,-261.973112111,158.668401873,2051104331,381.458297577,395.07127811199996,374.03371220599996,370.83363660199996
2051116776,-256.748240289,158.277070876,2051120329,387.332694719,397.49406091099996,385.197279906,373.94775794
2051134777,-251.996448387,157.814018006,2051136328,386.93158292,395.49924434400003,387.818787516,373.972551399
2051152806,-247.051881572,157.224728292,2051156326,391.433935048,393.05318123300003,394.698394328,380.52500270300004
2051167813,-241.571068243,156.44443871,2051168324,395.418613316,393.89517465800003,400.777936989,378.83372551
2051185832,-237.268314206,155.738838211,2051188322,406.313125233,401.059691876,405.016096769,374.725396644
2051200844,-231.974859836,154.759157912,2051204321,409.536323029,405.814797656,403.329202924,370.73662147
2051215866,-227.646231174,153.866936153,2051216319,411.084626315,407.757009541,409.96900121199997,366.89297469800005
2051233875,-222.888637319,152.792113706,2051236317,412.450974214,410.44392327800006,416.392858136,360.95275998
2051251919,-218.191431127,151.634483374,2051252316,413.980036628,408.429389997,420.295628842,356.57027341300005
2051266916,-213.529991138,150.39117988,2051268316,420.609342361,406.38250155099996,431.72760907199995,364.25358333300005
2051284926,-208.714459322,149.008145731,2051288316,429.056798969,408.20705355,440.41877226,365.14151992
2051299940,-204.111921618,147.592758694,2051300317,431.453772823,411.250090316,446.06622392199995,371.148118221
2051317990,-199.811655407,146.187826848,2051320317,430.041001331,409.51691492099997,451.032152321,368.869983848
2051332977,-195.318773183,144.634905797,2051336318,429.321539961,402.239924042,454.21046169699997,366.871771255
2051350996,-190.894760138,143.020903211,2051352319,428.50323097,393.7029899,454.152773236,367.233986483
2051366042,-186.499129033,141.333864206,2051368319,430.795148205,390.48216602199994,459.020967947,377.367589108
2051384069,-182.16365769,139.588505759,2051384320,435.918491157,387.966582122,464.81475044900003,373.437432007
2051399081,-177.860166137,137.776071921,2051400321,443.670593994,389.69646526699995,471.542442638,380.475518466
2051417077,-173.615165227,135.910235598,2051420321,449.957768649,393.249830766,480.319733223,388.59216772699995
2051435121,-169.406161783,133.983703501,2051436322,458.803057059,400.65173356300005,486.95386682599997,392.63666105699997
2051450141,-165.2439097,132.00364819,2051452323,467.609219998,405.524494374,490.08710308300004,399.52784621
2051468168,-161.123246591,129.970000285,2051468322,473.560031115,406.36651003699995,490.81803788,400.65355571599997
2051483180,-156.870432929,127.794602183,2051484322,478.070334186,407.28722895199996,490.45140665,395.35754549300003
2051501138,-153.004139454,125.749494688,2051504319,481.213334433,410.51074599300006,495.07217065,389.361132848
2051516191,-149.036730522,123.584205867,2051516317,483.5889468,411.941495751,500.41080140800005,394.12677779300003
2051534213,-145.093993409,121.365534194,2051536313,490.272062873,409.841657699,510.20576863199994,396.858020124
2051549216,-141.015548955,119.000491252,2051552310,495.497093308,413.44948649,510.05434582699996,402.13372409
2051567254,-137.318673593,116.795331574,2051568308,498.448732359,423.722064249,513.554293731,402.36096663
2051584217,-133.506071889,114.460157799,2051584305,501.483258387,431.096922864,513.96242777,393.882513265
2051599278,-129.262790486,111.788622066,2051600302,503.382242751,432.857235145,516.270663311,378.205026961
2051617259,-125.996266622,109.680159407,2051620299,502.936617244,429.91958499199995,523.999405727,378.077805985
2051632308,-122.296391855,107.23770638,2051636296,506.570597581,426.707400899,530.617479969,383.747646906
2051650284,-118.631227383,104.761611475,2051652293,509.831534014,423.75973900099996,537.3782379830001,386.351474554
2051668295,-115.005500854,102.257109128,2051672292,516.439202057,424.412534151,542.2099618569999,396.717841391
2051683361,-111.410097201,99.7198576149,2051684292,521.955059442,428.513199018,540.944227462,401.308126331
2051701324,-107.697745224,97.0444172258,2051704290,531.00569078,441.30944312800005,535.804693621,408.459171336
2051716346,-104.339237158,94.5756978545,2051720287,538.44451254,448.356823411,533.183495619,409.63395868
2051734406,-100.850229123,91.9629554628,2051736284,538.747448681,454.889658577,540.0638955730001,411.642766287
2051749379,-97.3959025125,89.3284281432,2051752282,538.034182937,458.163780897,553.920753807,414.525183054
2051767448,-93.9715837392,86.6704668974,2051768279,535.116509943,458.11380546699996,561.8828947769999,418.96095997199996
2051782407,-90.4286735779,83.872588675,2051784276,539.871755872,456.043215158,555.555525249,424.01713214800003
2051800420,-87.21203029,81.2908429631,2051804273,547.119252896,462.93397571099996,554.047311297,423.181855368
2051818489,-83.8793016434,78.574933932,2051820270,551.502138158,467.50193869199995,564.337118165,417.758513439
2051833459,-80.4241638732,75.716033004,2051836268,555.853991847,468.647798759,568.793474362,416.22666566
2051851526,-77.2897319404,73.0851781727,2051852265,561.304886927,470.80249080199997,576.380866988,427.606682975
2051866532,-74.0221433585,70.3055919468,2051868264,561.067917043,467.567124785,575.000478611,436.31437628300006
2051884513,-70.8026015072,67.5308355938,2051888264,560.550592712,465.502474009,575.139640075,445.363182231
2051899541,-67.5851794848,64.7230956103,2051900265,567.009084664,467.66371644300006,573.981249,446.21846340300004
2051917545,-64.411318608,61.920235809,2051920269,572.983578406,474.95115414400004,582.8674294580001,453.417763946
2051932550,-61.2439004723,59.0912646474,2051936272,576.142915826,478.490171676,588.261263161,456.438879116
2051950614,-58.104087387,56.256638883,2051952276,575.232107874,494.167079869,589.941857737,463.324148574
2051965583,-54.9763310036,53.4039818969,2051968279,577.015046788,502.932863119,588.113073025,467.639534299
2051983645,-51.8748676101,50.547929542,2051984282,574.776311728,506.93102663900004,584.189698676,475.00186991
2052001618,-48.6489255386,47.5495820424,2052004287,580.978411608,512.021511219,588.206795017,480.35998238699995
2052016627,-45.7187023468,44.8027795517,2052020290,584.254538006,515.770120449,591.575921305,485.748458939
2052034694,-42.6641596048,41.9170162978,2052036293,586.665699471,517.839872438,595.320972748,491.12748686699996
2052049681,-39.6210274666,39.0205154485,2052052297,587.184664888,518.148779685,594.741966674,494.795333814
2052067747,-36.5898282821,36.1153160619,2052068298,592.185725083,517.72052373,597.519348965,493.878413907
2052082748,-33.5778870411,33.2100667037,2052084298,596.765067618,518.771374101,600.539552596,492.912788306
2052100710,-30.5658409871,30.2876205687,2052104299,596.923086875,521.343355299,604.366025571,500.873096409
2052115770,-27.5797815298,27.3748821149,2052116302,598.069821734,520.241921948,604.225583915,504.237080881
2052133748,-24.600442877,24.4547036773,2052136306,600.75135126,521.163804215,607.840154983,512.25889209
2052151810,-21.6222764125,21.5231195116,2052152310,599.87866105,526.200601024,609.0262962180001,510.406745151
2052166821,-18.2762920709,18.2162948296,2052168313,600.763357802,531.130378351,610.45263303,512.778521267
2052184794,-15.6953204464,15.6572720259,2052188318,605.329068097,537.17647414,616.542705018,515.848318453
2052199854,-12.4182434817,12.3993724493,2052200321,609.844440317,538.538465609,618.480463981,518.116855138
2052217832,-9.78549208733,9.77625068652,2052220325,612.537321481,542.83395351,621.593814188,517.638309563
2052232839,-6.84043784758,6.83727880241,2052236328,613.192331964,543.994174006,621.382082737,520.561958592
2052250905,-3.88127869076,3.88070134956,2052252332,613.558631715,543.36965429,622.9888438209999,522.375603331
1995184030.0,2.94564385243,-2.94539145213,1995185158,644.444560074,557.802134371,661.935940945,520.412145022
1995199047,5.70679348181,-5.70495875247,1995201149,645.895440258,557.254710713,665.171477549,512.92048468
1995217025,8.64096198029,-8.63459678974,1995217140,647.110714114,559.488789276,668.354428834,512.11218675
1995232096,11.8423690196,-11.8260000856,1995233132,647.807136166,559.153561026,669.897336184,509.570257663
1995250052,14.5437722322,-14.5134835962,1995253121,644.753759805,558.609841084,666.759411545,512.378737171
1995265058,17.50539406,-17.4526518404,1995265114,646.471580477,560.403740838,665.850478232,512.624431826
1995283124,20.4700721938,-20.3858775235,1995285103,647.428227215,561.004857802,667.023957057,514.370983527
1995301100,23.4432170621,-23.316990544,1995305092,646.423639395,561.3804940780001,668.194189114,511.66673774300006
1995316161,26.4234054661,-26.2430507687,1995317086,644.707027502,557.112908921,668.993100662,513.415288101
1995334126,29.4188984976,-29.1705910617,1995337075,646.961171368,555.569253868,668.3958159680001,511.135813146
1995349141,32.4106660225,-32.0795205794,1995353066,645.44883836,554.321885298,664.228696541,510.950151689
1995367206,35.4211942418,-34.9901952352,1995369060,646.959768972,556.569742937,662.432149781,513.217098435
1995382180,38.4478104497,-37.8983684136,1995385061,648.514920103,558.2092818919999,664.057348379,515.67021841
1995400235,41.4898679498,-40.8017814945,1995401056,649.39615826,558.920899713,666.352193883,514.497104284
1995418212,44.5320305313,-43.6843297411,1995421048,668.636725147,564.9325019519999,681.369050733,515.962142634
1995433221,48.0211196069,-46.9629032667,1995437041,669.785847949,564.0919804819999,688.7980180989999,522.613513446
1995451284,50.6732867114,-49.434348584,1995453035,675.777396789,573.537471914,698.036946026,532.503421148
1995466257,53.7711213714,-52.2973126159,1995469028,674.577588198,573.383410822,700.333055635,535.652724343
1995484346,56.8913557742,-55.1539364492,1995485021,682.581878044,577.341386335,703.7426375560001,534.354402062
1995499325,60.3394046644,-58.2777322955,1995501015,686.662854496,576.2158982359999,700.3492830460001,539.7434602330001
1995517308,63.1824854578,-60.8264213965,1995521006,688.185352433,577.834645072,698.777331426,530.377783475
1995532381,66.6129189512,-63.8679357594,1995533002,687.283790952,577.106506847,704.638919128,531.0894780030001
1995550338,69.5563745644,-66.4473700305,1995552993,689.389703046,578.335461688,715.35314389,527.651492836
1995565351,72.7819315161,-69.2409039763,1995568987,692.461680287,575.606437348,720.8341359289999,536.123027868
1995583421,76.0224914668,-72.0116282602,1995584984,697.960495378,577.779131179,722.012784308,536.2307953569999
1995598380,79.2996389947,-74.7762172713,1995600980,711.386901502,588.689867721,736.0969917369999,552.044028948
1995616404,82.5912435918,-77.5142496536,1995616977,721.176818997,591.1205393619999,733.026383601,556.5448024240001
1995634419,86.2146590159,-80.4824063063,1995636973,727.297889511,597.720697748,749.275832069,561.671241883
1995649441,89.2679580135,-82.945497122,1995652970,732.526642172,597.883257827,743.7629571819999,565.412750427
1995667461,92.6546949371,-85.6361499951,1995668967,735.154825427,600.844827795,747.58518213,571.755923584
1995682470,96.0620167315,-88.2985137564,1995684964,740.73020115,604.142456081,747.1007412810001,568.82113464
1995700529,99.51985145,-90.9539053331,1995700960,742.345214002,605.1572345430001,752.086669068,575.019649569
1995718525,102.979389581,-93.5631773345,1995720956,743.32713545,610.39128891,755.19176842,575.881034695
1995733518,106.844394688,-96.4214789477,1995736953,746.737861924,613.262691448,757.280380735,579.199381033
1995748555,110.02817674,-98.7305080216,1995748951,751.246179236,613.086417041,759.274986663,579.229064134
1995766543,113.611745958,-101.279870139,1995768948,755.164227216,612.222086189,761.233342165,583.468265813
1995784567,117.22417927,-103.79616207,1995784949,755.359292954,614.60311911,764.916396888,585.482655676
1995799575,120.881983695,-106.288819231,1995800950,753.571293006,616.576029781,766.312062885,589.955956095
1995817594,124.560730926,-108.739328305,1995820952,756.87439628,618.63007568,767.645652382,596.866513157
1995832608,128.450087458,-111.268251876,1995832953,759.556946507,616.743147819,768.594185638,599.694693535
1995850626,132.055513972,-113.555485039,1995852955,764.973975306,621.0317608419999,772.056138675,603.089964961
1995865673,135.856560262,-115.907115038,1995868956,767.586448514,621.597196502,776.7818303739999,603.7367038680001
1995883663,139.691647778,-118.217495261,1995884958,770.2215989,624.449778767,780.155672867,602.308138365
1995898671,143.579950942,-120.495859739,1995900959,776.642209842,624.728257128,781.4067890939999,604.787978441
1995916694,147.506629419,-122.731089032,1995916961,780.743208459,631.886171869,790.9558433999999,607.664125096
1995931704,151.487738709,-124.929862301,1995932963,790.949063258,638.018526576,800.9795161010001,615.559844192
1995949733,155.490234354,-127.071902186,1995952965,809.06254712,643.5355243519999,811.026099767,621.610891483
1995967743,159.542286416,-129.17038386,1995968966,814.287409217,642.544142316,812.9779037710001,623.256108659
1995982754,163.650497715,-131.225916739,1995984966,811.429355886,645.8453712999999,814.778199673,625.752905594
1996000775,167.801897352,-133.229350635,1996000966,815.987142479,646.491425703,815.6615199439999,628.5044472669999
1996018787,171.990557853,-135.175653943,1996020966,818.726344032,647.780754909,819.969131786,626.721332074
1996033808,176.56267611,-137.214000704,1996036966,819.549229308,649.823701853,821.6030133119999,629.576786277
1996048822,180.498796752,-138.896789286,1996048966,823.676334396,656.322439369,824.3851285689999,631.544996734
1996066834,184.831680043,-140.672155817,1996068966,830.513813403,658.14589416,829.4460814839999,634.2677146890001
1996081862,189.197952216,-142.379519233,1996084966,830.252246305,654.741354029,836.485398865,639.159567048
1996099867,193.614896159,-144.023255328,1996100966,834.95021883,654.247635938,844.508473809,640.656336009
1996117888,198.093844322,-145.604342693,1996120966,839.793019409,656.478188272,848.699264355,641.023458808
1996132904,203.011564725,-147.240847541,1996132966,844.964622069,661.801284361,849.656783959,640.20270644
1996150919,207.146517271,-148.536226577,1996152965,851.493470933,662.370480703,855.565240228,637.661393277
1996165927,211.757633305,-149.893800625,1996168965,855.35673562,662.302597553,861.298326105,642.970763831
1996183970,216.395061064,-151.16648919,1996184965,863.356342056,661.195033923,863.217664073,642.996285423
1996198958,221.086680519,-152.359334949,1996200965,866.030762979,662.2797669830001,863.790170734,644.160491546
1996216992,225.831041976,-153.468472316,1996220964,868.996406268,662.569374375,866.896133545,643.1831555169999
1996231995,230.603754288,-154.485396636,1996232964,868.767192285,662.947810074,877.6281433930001,644.085623976
1996250018,235.405301723,-155.408056165,1996252963,873.201751794,668.033980109,882.979691146,646.454077472
1996265033,240.261728041,-156.23836026,1996268962,876.316078951,665.864323848,883.029721789,648.809019131
1996283049,245.154673229,-156.969701733,1996284961,884.647921552,663.117679983,881.3669693510001,651.348207767
1996301060,250.105956582,-157.601605081,1996304960,890.927380166,665.219514166,885.56241189,649.42053967
1996316080,255.052382243,-158.123478268,1996316959,894.341275309,666.146244972,889.6263752189999,651.379743305
1996334096,260.061361543,-158.539603825,1996336958,897.468331173,667.305057129,897.0118940030001,652.5704857669999
1996349119,265.077870962,-158.841999002,1996352957,899.391959995,668.008013559,902.308591979,655.332436875
1996367123,270.135239427,-159.029801297,1996368957,921.128146803,670.959036946,928.1923647680001,653.23491096
1996382169,275.226467897,-159.098751569,1996384956,921.233615687,670.692187965,930.543690275,654.461433695
1996400159,280.3279628,-159.045376054,1996400955,936.581187956,674.46243607,944.277658975,654.20055902
1996418186,285.47172413,-158.865622884,1996420955,939.112709863,674.431814124,947.294725522,659.786181951
1996433186,291.241824163,-158.51093885,1996436955,944.437320245,673.863918605,950.668350956,658.053357385
1996448205,295.776702615,-158.116567892,1996448955,947.244231667,678.042501925,953.4108966760001,658.99044151
1996466223,300.951311621,-157.539799511,1996468955,954.981711876,676.653715495,961.2895827839999,652.9252871819999
1996484245,306.127011721,-156.824929958,1996484956,959.539016498,675.527187135,970.193182133,648.717698733
1996499251,311.315681961,-155.966463534,1996500956,961.781748905,671.777295183,971.375067573,648.894352913
1996517272,316.498254779,-154.963593279,1996520956,968.588879487,668.107037344,973.080534878,648.151021862
1996532312,321.666396802,-153.814699891,1996532956,975.100316709,668.642641327,975.2652677469999,648.744565376
1996550334,326.830772419,-152.513630428,1996552957,977.332377876,665.511533552,983.5348666360001,644.3579517640001
1996565321,331.973727087,-151.060873566,1996568957,982.037497279,663.8340873669999,986.77981941,646.817189165
1996583335,337.100935348,-149.450873525,1996584957,984.751166562,665.245568304,990.204252791,648.905800417
1996598347,342.206925462,-147.680798247,1996600957,992.283932278,665.9160629840001,993.841026267,652.040847516
1996616368,347.269654414,-145.754465819,1996616958,995.679672747,672.696019115,997.614767232,650.422978755
1996631380,352.294581092,-143.66616994,1996632958,999.295875611,670.41320918,1002.42719835,648.865666746
1996649406,357.265591389,-141.418875639,1996652959,1000.07717454,672.886979235,1011.49924654,639.137793043
1996667412,362.191695257,-139.004417206,1996668959,1001.81063441,669.284883024,1018.78405519,635.59115267
1996682435,367.063728752,-136.422375869,1996684960,1003.44275396,663.495381045,1022.56331265,633.77614288
1996700447,371.856043362,-133.682650014,1996700960,1003.65689063,653.20684613,1024.03594053,619.056409575
1996718470,376.587506841,-130.770252516,1996720961,1008.73514927,645.5486134419999,1028.28413142,611.27553817
1996733476,381.747279695,-127.341749071,1996736962,1015.00949113,641.02477861,1029.98564855,608.040063255
1996748495,385.797003261,-124.45210377,1996748962,1017.63426301,640.647337217,1032.1134953,605.8205321319999
1996766516,390.255293225,-121.052034706,1996768963,1020.70798767,634.255011051,1037.46586845,600.297468281
1996781530,394.624230241,-117.478419777,1996784965,1022.40412981,632.826222962,1036.29614294,595.1804280680001
1996799541,398.867282497,-113.75678132,1996800968,1026.1340399,630.1774598,1040.62062274,591.6480864619999
1996817564,403.003154636,-109.866470382,1996820971,1029.69657563,624.291280819,1048.24827845,587.119662603
1996832619,407.341210694,-105.475245242,1996832973,1032.76996478,624.144927522,1054.93723347,585.709423337
1996850590,410.876334722,-101.633114672,1996852976,1038.17432866,625.038267432,1058.18382218,581.3057248490001
1996865602,414.607432299,-97.2876202065,1996868978,1043.30796053,621.624915362,1061.09472757,577.463025676
1996883669,418.182884999,-92.8052298047,1996884981,1050.39821373,615.8321718990001,1063.96586624,571.7779129830001
1996898680,421.608608508,-88.1736687897,1996900983,1054.87086085,606.710749009,1071.08361092,568.1032849569999
1996916702,424.866072011,-83.4128171109,1996916986,1061.13513281,599.082003911,1077.15196265,562.919614313
1996931714,427.95893088,-78.5119957072,1996932988,1070.18071037,592.556804546,1083.83729155,555.936331486
1996949688,430.860672723,-73.5097509442,1996952991,1078.1004926,587.06193229,1087.91229687,553.896424903
1996964744,433.588112629,-68.3727707323,1996964993,1080.77713267,585.2775745490001,1088.66919772,553.3156862559999
1996982719,436.119202933,-63.1366528044,1996984991,1081.44373917,581.234854426,1085.41210773,551.884693536
1997000784,438.46288364,-57.7764593167,1997000988,1082.38429992,577.7916603040001,1082.54480028,546.676373301
1997018836,440.591865561,-52.3508159882,1997020985,1082.63544796,574.578566981,1085.93737745,546.43333569
1997033765,442.759869727,-46.0820879732,1997036982,1084.07872984,572.25813631,1090.38914763,543.542102495
1997048787,444.234224815,-41.218676368,1997048980,1083.83925928,570.372682388,1093.0288652000002,545.238588572
1997066840,445.730157878,-35.5539456946,1997068976,1085.10055444,563.156209083,1095.2059338,540.065289751
1997081822,447.008426444,-29.8192793544,1997084973,1081.87033135,558.8676711759999,1098.07916452,533.310298543
1997099876,448.062110473,-24.0393571077,1997100970,1080.70755311,557.425094679,1100.83952888,523.9034739059999
1997117849,448.890996896,-18.2088535054,1997120967,1087.99271049,505.87279240199996,1105.21630335,468.70665648
1997132909,449.528201806,-11.8883711465,1997132965,1089.8643745,507.791001947,1105.26634637,471.25027167300004
1997147886,449.859735387,-6.48545816227,1997148962,1091.57795943,500.815635959,1109.34466763,464.01881358699995
1997165895,449.998804936,-0.598763569318,1997168958,1098.93513373,493.395240237,1109.97437726,456.945306352
1997183961,449.906637455,5.29156808578,1997184961,1101.44524248,486.449685295,1110.90712665,451.880455674
1997198978,449.583229463,11.1745398346,1997200965,1100.74081386,477.451474054,1110.39119467,447.49450201300004
1997216957,449.029598323,17.036687223,1997216968,1100.75883183,471.552056662,1111.31537833,445.70100998699996
1997232002,448.248599182,22.8600272159,1997232971,1100.53640606,466.58933920199996,1109.99755565,438.90758669999997
1997249983,447.239626309,28.6541438149,1997252980,1099.07317764,461.767428926,1109.17668242,434.014076889
1997264996,446.006917691,34.3972449979,1997268986,1099.02730076,457.797424846,1110.20950852,423.221046865
1997283052,444.553060305,40.0828437924,1997284993,1096.74598785,451.37688979300003,1110.57731142,417.830223602
1997298027,442.877985008,45.7131518755,1997301000,1097.84575187,446.20626214,1107.94205794,414.07175753
1997320079,440.999455316,51.2373192262,1997321008,1098.24665027,437.782225464,1105.93682235,410.188223732
1997332101,438.695212926,57.2129400384,1997333014,1096.9544231,432.298136891,1105.12783433,406.117346131
1997350076,436.61104953,62.0569123909,1997353022,1097.65970677,424.956449118,1105.1075814,398.88520132400004
1997365100,434.114044954,67.3254893272,1997369029,1093.0333218,419.198576284,1102.9062142999999,393.158242736
1997383104,431.429080339,72.4769967374,1997385027,1089.66084497,422.610277624,1100.65216106,389.223100157
1997398147,428.556682537,77.5160896238,1997401024,1089.35478515,424.421466255,1094.93935466,389.133789021
1997419181,425.504683177,82.43346769,1997421021,1089.02935764,424.497353645,1088.02901844,387.14751074
1997431200,421.907257643,87.7525378142,1997433020,1079.24194099,419.11782865199996,1085.03127657,384.21630571599997
1997449173,418.888026679,91.8804776372,1997453008,1076.3726367,409.743081145,1077.23297846,376.01238324699995
1997467269,415.339883015,96.3961742995,1997468996,1071.29056911,406.459962123,1069.14810276,371.49616625699997
1997482200,411.64179207,100.767105627,1997484984,1070.88246377,398.23213601300006,1062.35536211,372.27529673
1997500264,407.800615379,104.989980025,1997500973,1069.66474013,390.02015545800003,1055.73919814,372.687410867
1997515238,403.817601206,109.067392593,1997516961,1066.94064585,385.474363405,1055.35236384,370.111743529
1997533279,399.709494453,112.986478164,1997536947,1060.35186621,382.56588992800005,1052.6057119999998,362.142381335
1997548308,395.483389846,116.745584243,1997548938,1055.1732863,375.905624155,1050.56533748,357.753131573
1997566285,391.143023884,120.34597254,1997568924,1047.9204647,373.35814750199995,1044.56129421,350.55230383
1997581307,386.701510298,123.781406349,1997584921,1047.21566089,369.658579256,1042.49730506,343.407011054
1997599359,382.152019859,127.061057106,1997600918,1045.31510693,365.571736438,1037.97276887,341.467486105
1997617335,377.532208642,130.162801147,1997620914,1039.07764151,366.174093869,1028.04967774,338.153563076
1997632395,372.810086553,133.112439781,1997632912,1036.64507128,365.672996557,1026.99838667,332.30002135
1997650365,368.028225496,135.887319999,1997652912,1033.83925454,362.92016405199996,1023.39122956,325.34304067
1997665376,363.178099768,138.497598769,1997668914,1026.44392699,360.271071115,1022.49960432,318.777762972
1997683441,358.253321114,140.950036817,1997684916,1021.48731532,358.357013268,1021.74618057,319.540169918
1997698415,353.284967312,143.233119177,1997700918,1014.86404244,356.40399637699994,1020.94757672,317.20129465400004
1997716495,348.273161294,145.351723596,1997716920,1012.37497679,354.46308630199997,1019.32065989,316.29711336099996
1997731489,342.582296368,147.543916249,1997732922,1010.46359133,355.856400918,1017.26540555,317.484298765
1997749463,338.130343407,149.107619929,1997752924,1000.18363311,358.38855389,1007.29684033,316.26824793099996
1997764519,333.013110588,150.747737034,1997764926,994.74409923,360.279202979,1001.99133428,311.82634358900003
1997782503,327.859082456,152.235869114,1997784928,987.398173962,356.764451544,994.1337321589999,311.003582782
1997800551,322.702856659,153.566007124,1997800929,982.830415646,353.957527839,988.062317174,310.322683756
1997815523,317.528089973,154.746652377,1997816931,978.6525447,352.184275437,983.2129675089999,310.60542672
1997833546,312.349243055,155.778187141,1997836933,966.906093951,353.166118029,971.538179255,311.999045073
1997848583,307.165343316,156.664613387,1997848934,961.938110002,350.156824534,970.077418663,312.457701508
1997866580,301.980558331,157.408731014,1997868937,951.554892622,349.732825376,963.5190022639999,310.237864936
1997881596,296.809586357,158.01231477,1997884940,948.305768701,346.11709179900004,958.519455801,308.848386301
1997899603,291.64812299,158.479786674,1997900943,939.29105336,347.459077186,952.268370442,311.07073316599997
1997914642,286.268673282,158.826330191,1997916945,930.107291657,348.61031831800005,950.461180936,310.1198936
1997932636,281.352634735,159.019716201,1997932948,920.57004608,344.96223958300004,948.872296457,304.664986626
1997947650,276.243862814,159.09794715,1997948951,918.605659594,346.88968863599996,942.444435492,305.57218993099997
1997965673,271.142809707,159.05305892,1997968954,918.416000621,346.003565298,936.100272771,300.020891983
1997983685,265.866243518,158.879040284,1997984960,910.37207987,348.21662264400004,934.9828699669999,302.732155977
1997998712,261.045716846,158.608001061,1998000965,907.270763858,343.12966360400003,930.960333132,302.21454097099996
1998016729,256.044560076,158.214914318,1998016971,903.528091892,346.642027241,924.6227644989999,301.101348699
1998031731,251.062010021,157.711025116,1998032977,900.425544677,342.562411799,919.196096408,300.550287842
1998049762,246.138857466,157.103994117,1998052984,891.643066834,348.388941814,915.6911702839999,307.32233090799997
1998064765,241.232631527,156.391897064,1998064989,884.050445884,348.015680018,911.243602049,311.04659173
1998082784,236.372889353,155.581755983,1998084997,877.61471977,351.025697151,906.298070524,316.13662852
1998097798,231.531476538,154.671528911,1998101003,867.531692585,350.878275695,897.686007878,319.00166996400003
1998118815,226.770004083,153.676381331,1998121011,861.305664463,355.70078503699995,889.4060067239999,318.856783047
1998133832,221.432673164,152.443525772,1998137018,856.295162821,358.424539673,883.023640852,322.301635552
1998148883,217.331574348,151.412214925,1998149022,854.933735908,361.11065124699996,878.7267685910001,325.113456197
1998166863,212.670459212,150.151663317,1998169030,853.198606543,362.661617649,873.918048883,327.936768479
1998181889,208.06664535,148.814452423,1998185026,847.911909991,363.971060173,869.823261461,326.926554083
1998199918,203.497803761,147.396997671,1998201021,839.457787695,362.01371747900004,865.1449278489999,329.28439845400004
1998214915,198.983296826,145.908046688,1998217016,838.514451497,362.780361752,863.681898782,330.89201630400004
1998232930,194.505147235,144.344392303,1998233011,832.685712214,365.062612068,855.215950918,335.345690072
1998247940,190.068197859,142.710014425,1998249006,830.155235302,365.04680687,851.666328305,339.291123878
1998265968,185.697477497,141.017230443,1998269002,823.226512128,364.83783395800003,842.900989235,345.96303686
1998280976,181.362535246,139.257143411,1998280999,818.918611544,369.56927137800005,839.022129718,346.240762134
1998298997,177.068343638,137.433916343,1998300994,814.766583388,373.89405457,833.684644023,346.973086398
1998317012,172.820023079,135.552122809,1998320989,815.036294482,374.839023405,829.248766694,344.46919889199995
1998332022,168.15135221,133.394613219,1998332986,811.558923695,375.059094048,827.2441474510001,346.05169985199996
1998350055,164.466458138,131.62554415,1998352982,806.221629588,377.70701709,812.06634555,348.70323718199995
1998365055,160.357947643,129.584269585,1998368978,805.086266582,377.85535255199994,807.829858105,353.60639557699994
1998383082,156.292001201,127.492719559,1998384979,799.430804025,384.681730905,806.685590776,362.65636747400004
1998398093,152.277680627,125.358066457,1998400980,792.240150958,385.86720910099996,803.6988434780001,367.658025656
1998416110,148.299944437,123.174658997,1998416981,784.256668704,390.746172074,797.809863935,368.367201828
1998431127,144.352340315,120.940749997,1998432982,781.297968361,392.156447841,790.175505282,370.083970199
1998449144,140.463994801,118.67519445,1998452983,778.530055297,396.38949129900004,781.37599277,368.69976207699995
1998464155,136.608641439,116.365132351,1998464982,775.310404214,396.034826846,782.551046879,369.555869463
1998482191,132.802925015,114.022739848,1998484980,776.363546794,397.41544327099996,782.3543355639999,370.707894619
1998500183,129.02859665,111.638955142,1998500979,774.92218959,396.591417622,779.8418092789999,367.504429852
1998515200,125.302961138,109.226858969,1998516978,771.584684762,397.91452809099997,775.7007544960001,364.12618512
1998533216,121.594248917,106.767704887,1998536976,764.668052983,400.94266061800005,767.7257838610001,362.808390251
1998548229,117.945569926,104.292174809,1998548975,761.223922795,406.60741410599996,762.871011492,367.323026995
1998566255,114.333944402,101.787245261,1998568973,757.312691493,411.247822182,761.765230533,381.18271530699997
1998581267,110.745586703,99.2450954787,1998584974,755.428250491,417.60673024,756.539632724,385.536362577
1998599280,107.198543238,96.6803632069,1998600975,751.303412141,418.34376578900003,754.6343214389999,389.002941113
1998614308,103.678707415,94.0848063141,1998616975,747.120769103,420.293527754,751.759251285,387.918094641
1998632315,100.192626418,91.4650632,1998632976,744.908018348,419.90822945400004,747.771599864,387.49999101599997
1998650337,96.7491353389,88.8299207014,1998652977,743.584684528,422.30490057599997,746.677075857,387.865956332
1998665344,93.3355042447,86.1717120264,1998668976,739.435121555,427.654073285,743.989291715,392.798885252
1998683362,89.9486257335,83.4897850086,1998684974,737.591050886,430.685484753,739.715540358,399.070789513
1998698378,86.5885957558,80.7859439323,1998700971,736.468953082,434.587875711,729.6660303960001,411.457495511
1998716402,83.2605591707,78.0661755913,1998716968,733.232046897,435.758106571,724.1756466989999,418.873647429
1998731411,79.8081422086,75.2017596613,1998732966,731.3570944,434.964655036,720.276776697,422.95347766099997
1998749436,76.6772926424,72.567052604,1998752963,725.776833041,440.1193932,721.411028893,422.605870654
1998764443,73.4282817507,69.7964372115,1998764961,724.648910095,441.181659884,722.8970917910001,424.808267348
1998782500,70.2007687632,67.0082527053,1998784957,718.493772733,446.204385662,721.2293151160001,428.863000729
1998797479,66.9924524893,64.202123305,1998800953,719.441503714,449.38374972199995,720.6175155669999,429.065721078
1998815492,63.8174583407,61.3922196489,1998816950,714.435032227,452.245790933,719.006957297,426.76087248
1998833504,60.6560654835,58.5628304464,1998836945,715.065982296,454.726791936,712.7867671180001,431.53314051
1998848521,57.5185810785,55.7247923709,1998848943,708.660733695,456.45865704,711.2398519760001,437.221133389
1998866535,54.4004242321,52.8756718624,1998868939,698.554125944,465.143386777,708.81252633,445.240425929
1998881566,51.1597922742,49.8856914681,1998884940,695.599765857,475.17405981400003,699.600524155,463.65664169900003
1998899566,48.2093349198,47.1388948635,1998900941,689.054354683,483.883943397,692.260771158,460.258843995
1998914592,45.1464847721,44.2638860325,1998916942,688.889343366,491.27149525199997,693.241408787,503.98751077699995
1998932646,42.086769544,41.3690591438,1998932942,687.820196275,508.95482524,691.6769976310001,509.07698170199996
1998947688,39.0562563833,38.4806984273,1998948943,689.352832544,515.562886339,688.141957987,509.2339287
1998965639,36.031062227,35.5776969634,1998968944,687.502624875,532.505521147,684.9576302940001,511.79814025800005
1998980692,32.8856460376,32.5398811154,1998980945,686.02509494,539.990700693,687.0372255369999,510.380697003
1998998696,30.018384723,29.7547216192,1999000947,685.656725512,543.629067111,691.4257338689999,510.350333089
1999016729,27.0274870897,26.834568141,1999016948,686.169094145,541.940224037,690.0847447389999,514.484490212
1999031736,23.7321473072,23.601221915,1999032950,684.865339301,544.610557298,688.017904258,516.802063446
1999049721,21.0702634202,20.9784770713,1999052952,679.965814586,543.481358325,674.176143863,513.394793707
1999064777,18.1064788206,18.0481331872,1999064953,677.20009589,537.36448467,677.350246696,512.620088236
1999082801,15.14210755,15.1079336926,1999084954,672.302471597,536.825717953,672.949436732,510.79710204699995
1999097764,12.1855013049,12.1676700454,1999100955,673.171886636,538.818649545,686.5239942019999,516.6364007990001
1999115823,9.23976589229,9.23198482247,1999116955,670.821374771,546.391943999,674.891574826,509.61220722800005
1999130833,6.27851909716,6.2760760989,1999132956,669.562222511,546.446634275,670.724515963,521.049483209
1999148812,3.34362488143,3.34325574603,1999148957,665.498606299,546.667981986,686.528649946,526.2830226169999
1999166873,0.40071893853,0.400718303018,1999168957,660.626140241,548.82045441,674.3386240269999,528.89744625
1999181848,-2.67934429612,-2.6791543439,1999184957,663.514879596,549.515082949,679.514132739,524.629230301
1999199909,-5.48790138636,-5.48626972442,1999200957,654.827488374,551.102946482,674.934299722,548.162357153
1999217907,-8.44066642941,-8.43473338906,1999220956,640.54194738,553.218373828,661.6171195759999,552.013475439
1999232935,-11.7396464769,-11.723699249,1999232956,635.844797277,549.269600226,666.027163081,550.876053501
1999247909,-14.3436491305,-14.3145912163,1999248955,632.479692445,553.165721591,646.068332146,556.101368588
1999265921,-17.2986322909,-17.2477315744,1999268955,629.348964307,556.468442652,647.057050763,556.519294627
1999280937,-20.266305511,-20.1845902905,1999280954,628.732326643,560.712182349,645.61659875,563.905604132
1999299004,-23.2355849703,-23.1126653747,1999300960,628.625144195,560.634667165,643.690316269,562.429313947
1999313974,-26.2201233503,-26.0438719093,1999316964,622.760627929,562.890428695,631.531504993,564.315489922
1999332032,-29.2060764723,-28.9630753204,1999332968,618.006030683,562.299654413,629.168718472,545.203645277
1999350014,-32.3411122972,-32.0120729525,1999352974,610.732472533,566.9653495480001,627.57370618,537.141371215
1999365018,-35.2147884609,-34.7911921087,1999368978,609.399604664,569.261990612,625.644615036,531.278239085
1999383093,-38.2346016209,-37.6941244792,1999384981,608.895947479,573.48468138,623.964475859,533.808833146
1999398055,-41.2690058118,-40.5916755036,1999400983,607.383744606,575.890522693,623.99296866,536.848923958
1999416116,-44.3184615772,-43.4826774248,1999416985,607.641251578,582.1328977669999,622.41139017,541.232751347
1999431134,-47.3895037278,-46.3716481977,1999432987,602.38314129,584.69110486,611.582538881,542.459523342
1999449109,-50.4628505187,-49.2389262177,1999452990,595.126178242,586.6363729990001,611.7005043940001,549.471152604
1999464158,-53.5588504466,-52.1019760609,1999464991,591.05710362,588.892877956,607.1159742259999,554.375915742
1999482144,-56.6733849863,-54.9552867686,1999484994,590.788541748,592.936015369,606.820878494,565.914200362
1999500199,-59.94595928,-57.9230798202,1999500990,591.810199529,593.129681944,600.891651745,558.798330214
1999518172,-63.1054229624,-60.7576682211,1999520986,589.730654828,592.453185812,597.796725633,580.24125353
1999533177,-66.4350798676,-63.7111840425,1999536983,588.796192353,592.967574901,609.559320939,581.007593456
1999548198,-69.3317964888,-66.2515716538,1999548980,584.548358934,595.378724419,596.801695912,590.0820546809999
1999566212,-72.5578488409,-69.0479728924,1999568976,582.855449069,602.90763482,606.0251081480001,589.151004658
1999581229,-75.7975373564,-71.820467555,1999584972,579.255670706,604.54875376,589.271993364,597.0369363030001
1999599294,-79.0672512387,-74.5814340961,1999600969,575.346250692,605.7434037830001,585.1090531880001,575.681244195
1999617261,-82.362961756,-77.325630251,1999620964,568.079208729,606.630584191,577.764627724,595.769525532
1999632314,-85.9870344631,-80.2973795019,1999632962,563.146935776,607.452179797,583.520380307,599.065624449
1999647294,-89.0371199753,-82.7605104978,1999648958,565.096731309,606.6982841480001,590.423589168,598.734443285
1999665305,-92.4142338674,-85.4465625719,1999668954,554.832150528,610.711497505,582.208870449,599.5637380869999
1999683385,-95.8313829315,-88.1197307686,1999684951,556.438224963,614.328385574,585.442052506,602.3356335230001
1999701338,-99.2653718784,-90.7600900839,1999704948,547.747213919,617.970257308,572.724455937,597.8034283019999
1999716402,-102.73879375,-93.3832605463,1999716947,545.677162559,621.220198923,570.900080467,588.794929778
1999731417,-106.251717449,-95.9870911545,1999732945,540.036866631,623.201204642,560.569846931,596.243617126
1999749391,-109.782795942,-98.5540166682,1999752943,538.56247084,628.493309147,564.9532408719999,596.508598272
1999764451,-113.356084585,-101.099741423,1999764942,538.178028138,631.605535465,554.402435156,606.153092182
1999782429,-116.968428184,-103.619793836,1999784942,537.857960317,636.191561407,563.503483718,603.5401982019999
1999797433,-120.618054665,-106.110829963,1999800944,532.579839586,636.389270538,546.890628155,593.9873798
1999815453,-124.298891095,-108.566787178,1999816947,529.743396635,636.277020406,545.473624101,590.45196633
1999830477,-128.409294154,-111.242058529,1999832949,524.707109698,634.213240059,545.766304121,597.922173837
1999848536,-131.778861378,-113.381930784,1999848951,519.602704139,635.367115453,545.538211619,620.3987823780001
1999866555,-135.582906981,-115.739862896,1999868954,516.311395601,645.628826981,542.14143839,614.555094338
1999881519,-139.426741406,-118.05992322,1999884956,512.295750409,640.664678997,523.379775946,601.987237054
1999899581,-143.301262564,-120.334710942,1999900957,507.646595342,646.562926679,522.7560579330001,603.0758979780001
1999917564,-147.233007995,-122.577472348,1999920957,500.734346353,645.2959103540001,530.8754305819999,596.513532329
1999932571,-151.640875053,-125.013082196,1999932957,498.908909021,646.027617685,530.98696318,600.03431864
1999947582,-155.214345132,-126.926459839,1999948958,495.848952457,647.900792822,534.2944064659999,624.723149167
1999965600,-159.265132462,-129.029098597,1999968958,494.405291828,652.0891694119999,529.738557219,638.03331215
1999983622,-163.540638554,-131.171893117,1999984957,493.777103873,653.14603377,502.209655135,634.08311656
1999998632,-167.721429923,-133.191221965,2000000956,485.198048505,655.691546223,494.70945203900004,627.535062092
2000016657,-171.699653039,-135.042920297,2000016955,476.534795061,661.8618703330001,496.916688593,622.884681148
2000031665,-175.936450504,-136.940129882,2000032954,471.938080002,666.2180423230001,499.08179963099997,630.981617994
2000049700,-180.2010859,-138.771839909,2000052952,469.734403845,665.652633535,492.38014327699995,593.577109875
2000064699,-184.533242249,-140.552462417,2000064951,470.794033735,667.784852979,489.818045195,601.120617997
2000082717,-188.899744318,-142.265518692,2000084949,471.535341122,670.0179360440001,484.256436726,625.347511576
2000097735,-193.319260687,-143.91585756,2000100949,469.491245412,672.943328243,476.16595179300003,630.5569066209999
2000115776,-197.786119944,-145.498477056,2000116951,463.832986411,674.95379952,473.93772833599996,632.9483960809999
2000130761,-202.281864485,-147.004601195,2000132953,458.097595144,673.400606296,463.88379925,631.916644971
2000148791,-206.843204164,-148.443711294,2000148956,452.377294228,669.921297255,463.852755662,632.355567967
2000163789,-211.438966229,-149.802933279,2000164958,446.846139709,668.712752125,457.63317144800004,628.104279385
2000181826,-216.072079949,-151.080863894,2000184960,441.542904421,676.101601825,458.64487087599997,630.863513686
2000199825,-220.756589845,-152.278529461,2000200962,434.672317861,680.192962525,449.93559034199995,636.274961081
2000214846,-225.486114737,-153.39113331,2000216964,428.369194481,678.629487812,444.139842078,637.922907447
2000232886,-230.274537537,-154.418440775,2000232966,421.393297335,677.533641982,442.498142728,636.117371961
2000247884,-235.070750781,-155.347042249,2000248968,420.362950482,682.23828769,427.100430763,634.83595203
2000265896,-239.931611434,-156.185208892,2000268971,418.16143822,689.923635661,425.71762495300004,643.278478298
2000280927,-244.815540794,-156.92243093,2000280972,416.777425091,688.930441896,421.08805652800004,638.66634916
2000298922,-249.749790185,-157.559797248,2000300975,413.044400688,688.218175399,421.131979614,642.529690298
2000313943,-254.704971798,-158.090413234,2000316972,407.75558824,685.127992689,405.89618273699995,642.495818885
2000331964,-259.700988189,-158.513461311,2000332969,404.87525033,681.0139562080001,388.88977978099996,587.580446328
2000346969,-264.965562004,-158.836489729,2000348966,400.365519444,679.347383906,381.005837644,619.352577471
2000364996,-269.786973254,-159.020664226,2000368962,398.179182942,682.47087568,379.62619021300003,613.218975656
2000383009,-275.105059626,-159.098521717,2000384960,395.808901082,687.132965864,377.204496978,621.2874227030001
2000398025,-279.984113089,-159.052861675,2000400959,390.007274389,687.960284826,423.51269237900004,631.29473626
2000416046,-285.120427746,-158.881963229,2000416958,385.799754274,689.5139820610001,387.688804009,628.1415800569999
2000431050,-290.483346698,-158.566905993,2000432956,379.426544681,688.97097187,406.34303025099996,641.153852281
2000449080,-295.420708425,-158.151252498,2000452955,372.892925417,689.75359692,396.90407285,646.9007456759999
2000464082,-300.599390453,-157.583361683,2000464953,370.283108708,687.72560106,377.315418738,648.35641276
2000482109,-305.773609948,-156.878196545,2000484952,363.946642696,687.680127355,413.92690226400003,658.2709034869999
2000497118,-310.957194779,-156.03041525,2000500950,359.868949244,690.525831483,395.92025788,663.172870718
2000515142,-316.131902178,-155.039343263,2000516951,358.042140067,701.1491592089999,348.322812316,679.052753393
2000533148,-321.323425629,-153.895635751,2000536954,342.202815377,706.5421592160001,381.92993547199995,678.4718771940001
2000548172,-326.476997204,-152.607739545,2000548955,0.0,0.0,0.0,0.0
2000566210,-331.856741772,-151.095701718,2000568957,0.0,0.0,0.0,0.0
2000581208,-336.751088778,-149.565987,2000584963,0.0,0.0,0.0,0.0
2000599217,-342.066374123,-147.731810116,2000600970,0.0,0.0,0.0,0.0
2000617241,-346.919778488,-145.893233162,2000620978,0.0,0.0,0.0,0.0
2000632243,-352.452386528,-143.597650139,2000632984,0.0,0.0,0.0,0.0
2000647263,-356.915852643,-141.583081723,2000648991,0.0,0.0,0.0,0.0
2000665283,-361.845870104,-139.180226471,2000668999,0.0,0.0,0.0,0.0
2000683294,-366.736600737,-136.602022337,2000685006,0.0,0.0,313.258593918,650.885876702
2000698311,-371.742195861,-133.750132491,2000701013,251.686700866,677.575540037,300.460014127,636.683740346
2000716335,-376.263913185,-130.976295936,2000717021,262.218065488,662.012294159,289.958189982,637.542634828
2000731336,-380.929435048,-127.903590643,2000733029,262.853732084,661.161226337,282.934333842,637.521641611
2000749368,-385.486745635,-124.679986514,2000753039,267.574387731,662.931272695,270.80978509,629.3094082609999
2000764369,-390.151805834,-121.13369828,2000765045,264.907801383,665.376343984,265.372510106,624.879566709
2000782415,-394.326199767,-117.730252839,2000785046,258.150457266,663.250707356,255.33606641900002,619.707002959
2000797411,-398.584396072,-114.013093077,2000801042,255.101925837,661.360913314,251.77668060099998,616.794871745
2000815422,-402.719467312,-110.142168847,2000817038,254.385313821,657.79694676,252.711928317,610.658522097
2000830439,-406.73734163,-106.106997147,2000833035,249.54936924,653.179920716,247.584725082,609.612773093
2000848454,-410.61616125,-101.924603588,2000849031,247.562697067,648.658366404,243.081533957,606.252665888
2000863470,-414.353131571,-97.5940510004,2000865027,241.247549284,646.060876248,236.925399513,603.8630503830001
2000881490,-417.945909035,-93.1128569442,2000885022,235.297314419,639.3897687040001,236.70308188799999,594.211771202
2000899507,-421.380236036,-88.4937289049,2000901018,231.018973911,634.2444281080001,233.34695629400002,591.9171199819999
2000914521,-424.647434864,-83.7444563148,2000917015,227.479260629,631.0566363959999,228.515908043,586.953956178
2000932538,-427.748043501,-78.8593612973,2000933011,226.06870383,630.389296372,226.44394517400002,584.588609195
2000947553,-430.670684302,-73.8508309299,2000949007,222.78241574,629.5023487469999,222.090123721,582.7763337580001
2000965563,-433.529511112,-68.4882418346,2000969002,221.121134632,619.8321385419999,219.26016379900003,578.205307768
2000980633,-435.954832112,-63.4926181595,2000981000,216.341752465,613.4658573930001,214.464369753,577.063207654
2000998596,-438.30725696,-58.1504029004,2001000998,213.388682837,608.9959603230001,208.62390676799998,570.38338699
2001013612,-440.457722777,-52.7115018476,2001016996,209.955181203,601.347704106,207.230330028,564.32649586
2001031690,-442.39385905,-47.205292894,2001032993,208.057595965,596.049680086,204.528959689,558.9001781219999
2001049644,-444.124889256,-41.6005182149,2001052991,208.950205433,576.1218240730001,198.944301725,545.560403399
2001064712,-445.635358245,-35.94114377,2001064989,209.1183737,571.968310866,198.818674435,537.958507491
2001082681,-446.979726352,-29.960637573,2001084986,207.689553348,562.908010442,199.041825227,527.0556701959999
2001096756,-447.997846832,-24.4322624126,2001096985,207.435707555,558.775403205,199.17016338599998,523.229780613
2001114719,-448.84116832,-18.6119938424,2001116982,208.619714914,552.2461002269999,196.905837693,521.6930497019999
2001132770,-449.456660626,-12.7565075953,2001132981,205.358568251,549.9660947000001,196.172005068,517.956437017
2001147789,-449.841689134,-6.88985156446,2001148982,203.783664944,544.2167847009999,196.03446886700002,509.129688669
2001165764,-449.996617671,-1.00731732159,2001168984,202.270684475,534.657873911,194.53621705700002,501.665654545
2001180777,-449.911684337,5.14659858463,2001180985,201.517862514,531.105703417,192.14982248200002,497.193607546
2001198833,-449.613500222,10.7615809754,2001201386,199.014643956,524.90450507,191.107413426,489.77457522199995
2001213807,-449.075351143,16.631389865,2001217707,200.735523094,520.347207681,190.148119416,480.10480631400003
2001231867,-448.31067919,22.4533859081,2001234028,202.03744047,515.681426657,189.531013098,477.80869610699995
2001246913,-447.316773023,28.2542835524,2001250348,200.093568021,509.339206835,192.05281784,476.015147889
2001264920,-446.101450277,33.992657894,2001266669,199.245186631,500.888159699,194.57159755700002,474.064181329
2001282907,-444.592349957,39.9404786923,2001282990,197.431710532,493.223408851,195.321084188,469.514289127
2001297886,-443.00375194,45.3167017462,2001299311,195.750278155,489.681034511,196.043060981,468.73578090300003
2001315946,-441.136864941,50.8557556828,2001319711,200.032106285,487.768606178,196.145992608,459.97014114300003
2001330998,-439.057605525,56.3209328999,2001331952,204.684428051,486.91501457699997,196.703208063,455.508889256
2001348938,-436.77535989,61.6911907788,2001352345,214.037974881,483.09935517199995,197.15916240400003,443.534410171
2001365941,-434.291190778,66.9682002562,2001368657,216.82976787,477.067007897,201.14987082099998,435.278527395
2001381018,-431.619431557,72.1269194236,2001384970,215.289212109,469.520135165,205.064913874,433.90643893
2001399031,-428.762259596,77.1696305858,2001400977,217.456227789,461.727521641,208.711864595,434.126077198
2001414005,-425.720649899,82.0985987126,2001416984,223.012042774,458.05274959699994,208.03608446200002,433.830614821
2001432058,-422.503739501,86.9025167992,2001432992,228.2471552,455.195488836,207.33444736599998,427.2343509
2001448029,-419.127919047,91.5626166206,2001448999,226.182636997,449.01220998300005,216.817559257,422.424583073
2001466048,-415.592594903,96.0855097373,2001469008,225.74505068,442.930536964,223.25445606,419.262415726
2001481068,-411.899329466,100.472871466,2001485016,225.268960453,436.53642103699997,224.252301145,417.880487775
2001499122,-408.0701019,104.703429257,2001501023,227.831626694,431.64098623800004,221.36311552700002,412.29773870800005
2001514103,-404.093589834,108.794033857,2001517030,230.886905891,424.53524716199996,225.406826191,408.94842232900004
2001532159,-399.985600216,112.731570141,2001533038,235.205677932,424.50504023800005,228.463591215,405.48999378800005
2001547202,-395.777590395,116.492276255,2001549047,237.801282015,425.246219365,231.095163918,405.31806829699997
2001565184,-391.453315728,120.096819077,2001569061,242.876921974,424.86021011099996,233.530311335,405.262286471
2001580165,-386.809268067,123.700868651,2001581069,244.659612517,420.275295991,237.841044805,401.73541799099996
2001598175,-382.475688146,126.835318572,2001601073,249.511742766,413.845586754,240.873638865,394.777681306
2001613216,-377.851496251,129.955483875,2001617075,252.087833922,411.306255975,243.54195259099998,391.963455376
2001631247,-373.145775428,132.909792794,2001633076,255.679777426,406.083955946,252.614784042,384.54028814599997
2001649223,-368.359574262,135.701632882,2001653078,265.265117902,401.369731437,267.467699708,380.38970359300004
2001664289,-363.514358871,138.323003509,2001665079,269.584306844,398.2739285,270.995947047,377.81292424699996
2001682266,-358.592267732,140.78740846,2001685081,276.009556192,391.850329485,272.439297115,377.018838862
2001697271,-353.639479476,143.076353496,2001701083,282.667757134,391.291101697,273.975245598,375.089755037
2001715363,-348.62323749,145.209565887,2001717084,289.262631266,389.220038515,275.380960979,369.574915979
2001730302,-343.561829824,147.182286338,2001733086,296.247428003,393.02835677800005,282.85388338900003,365.862685379
2001747364,-338.483158513,148.988409053,2001749087,301.728641038,391.36424742300005,286.58569103900004,362.033653704
2001765345,-333.363774517,150.640586946,2001769088,303.050667086,385.530098323,288.799552723,358.67206041099996
2001780396,-328.220812537,152.136663006,2001781088,304.437827098,382.49787906,291.505273348,357.67482759
2001798375,-323.06026039,153.478814863,2001801089,311.233508205,384.586938755,299.815388588,365.22977511
2001816430,-317.652966669,154.719943662,2001817089,317.970828345,386.424029554,311.477823238,354.318410979
2001831443,-312.47556776,155.75477767,2001833090,320.512693346,386.888072675,315.81506922299997,366.307627378
2001849430,-307.530110111,156.606939548,2001853090,327.835334202,387.356643055,322.016773419,355.90495728199994
2001864483,-302.119972942,157.390556477,2001865091,330.581379624,385.014988767,324.687449795,357.923014765
2001882461,-297.166212099,157.975066079,2001885091,334.698829355,379.69603704199994,330.554135381,361.941637545
2001896520,-291.772566084,158.470081434,2001897092,337.603514847,379.85759840300005,340.212978401,370.749410843
2001914484,-286.85207854,158.795605928,2001917092,342.63484367,379.12443774400003,349.16489148,373.643360159
2001932542,-281.717155597,159.009375029,2001933093,348.364565115,380.556137081,352.638201735,374.391326914
2001947552,-276.605713268,159.096483227,2001949093,355.191566226,378.26870202699996,352.72285490800004,368.653943967
2001965535,-271.509162617,159.060343223,2001969097,365.94762254,377.966131997,367.974758766,359.859897928
2001980591,-266.221149611,158.894781912,2001981099,374.781067495,377.37414738900003,366.75593049699995,340.79438751099997
2001998567,-261.407975066,158.632061529,2002001101,381.673711026,379.57121003599997,384.540538678,331.708442129
2002013579,-256.397875778,158.246402456,2002017102,389.261516073,380.644435546,384.179356105,351.32295434
2002031600,-251.411313147,157.749982678,2002033104,390.092760158,372.556770617,387.695015975,347.172747477
2002046617,-246.473296657,157.148649,2002049105,394.376575639,369.235423995,389.488443491,336.304088205
2002064635,-241.569362483,156.444175163,2002065107,399.306793576,367.69725053199994,396.427396508,327.519570107
2002082686,-236.706691806,155.640725981,2002085109,405.477220971,375.777692195,405.607579226,329.123832676
2002097660,-231.863153558,154.737161607,2002101110,412.047732111,380.38897230000003,409.616032421,326.217656395
2002115675,-227.094281626,153.747292441,2002117111,418.948808796,380.25079958199996,420.20192083300003,326.484464281
2002130691,-222.355945316,152.665643832,2002133113,424.322148318,374.14241628199994,422.915058286,323.428698556
2002148710,-217.653375211,151.495773668,2002149114,429.415740253,374.56172714800005,427.556903649,324.327253773
2002166724,-212.996112926,150.242785425,2002169117,434.520602952,379.43294234800004,433.17360538300005,338.416721307
2002181748,-208.179350698,148.848280889,2002185120,436.573408059,381.015801419,437.694575731,336.277965646
2002199759,-203.817079465,147.49897533,2002201122,438.098868023,375.802366207,441.205079343,339.038590397
2002214771,-199.090630552,145.94446553,2002217123,443.447340437,371.68099619300006,445.922442009,333.207004513
2002229796,-194.8034972,144.451252001,2002233125,448.651109003,374.04094179,450.176314724,336.838213939
2002247831,-190.381155408,142.82807058,2002249127,451.982590391,383.639758057,452.405362119,337.578157207
2002265821,-185.996683072,141.135733013,2002269129,459.342275229,392.731497656,455.759655823,343.71174321300003
2002280839,-181.655868523,139.378792997,2002281130,464.867240099,392.175182665,461.42029717199995,350.992104877
2002298855,-177.36826151,137.56383155,2002301132,470.126579503,389.569328164,463.81660307199996,355.86367223400003
2002313875,-173.114718537,135.685163657,2002317134,472.731156057,392.631031066,470.62044349900003,355.10661771800005
2002331892,-168.908867876,133.751050992,2002333136,471.70644168,395.79920878900003,476.187171455,353.22600271
2002346895,-164.754646029,131.766003926,2002349138,474.943677836,400.18755156699996,474.349224775,353.30426126699996
2002364919,-160.634371161,129.723884686,2002365138,478.903306363,398.210568347,476.776459475,352.22796285699997
2002379941,-156.396796947,127.547518898,2002381137,481.594675688,393.545290476,483.94099256199996,356.41175791300003
2002397959,-152.550162989,125.505149975,2002401133,483.364335394,392.647253819,483.604037156,353.517423175
2002415975,-148.571322319,123.325776671,2002417130,484.627331354,399.41564149199996,493.03110306599996,352.314125878
2002430988,-144.62949451,121.099766409,2002433126,483.509722132,401.332065876,490.473182696,358.663969768
2002449007,-140.735483713,118.835476109,2002449123,484.522718018,392.01998526,497.046099608,358.307859264
2002464012,-136.880652619,116.53019411,2002465119,483.554434984,392.738631605,496.16567662,359.393154957
2002482036,-133.064821878,114.185907581,2002485115,486.048748615,397.76281090599997,496.869168706,352.419428695
2002497048,-129.29230706,111.80746885,2002497113,488.759924452,404.128435155,494.54892587300003,351.240338843
2002515065,-125.555512345,109.392217582,2002517108,492.975145482,401.341387425,490.319857396,352.553993014
2002530079,-121.844895971,106.935720356,2002533105,493.034324014,398.983876563,489.764871306,357.183451732
2002548101,-118.198224453,104.465382893,2002549101,506.011805327,398.54246783199994,496.621273046,359.29127083199995
2002563107,-114.574239353,101.955585157,2002565098,525.646524761,411.34866534900004,514.901157111,376.820420976
2002581134,-110.992348593,99.4216068327,2002585094,535.787043923,422.735864607,530.573125764,385.42226343199997
2002599149,-107.441590125,96.8577369745,2002601095,537.434310334,433.244385556,528.59254739,385.58425629199996
2002614164,-103.915972151,94.2613383776,2002617096,540.748862713,439.34099836300004,535.7302965819999,384.25800823099996
2002632181,-100.438089853,91.6511126995,2002633097,541.254364676,444.625339316,533.529654575,386.13480975699997
2002647185,-96.9902426111,89.0159505648,2002649097,542.587159,441.673513178,538.157831059,395.17789634699994
2002665206,-93.5711389251,86.3566577656,2002669099,547.435405343,441.62902733,544.502132294,404.96197105699997
2002680222,-90.0248732205,83.5506455949,2002681099,552.478698029,442.23361590699994,546.5646577919999,407.085819717
2002698239,-86.819823446,80.9733776598,2002701100,555.277911571,449.09136606699997,551.7678595890001,405.305902705
2002713263,-83.4815898596,78.248078931,2002717101,555.337116229,449.63800830900004,557.138033526,406.67722983199997
2002731276,-80.1836969643,75.5154467951,2002733102,559.507327245,447.20259412900003,563.423839897,414.227687283
2002746285,-76.9001536029,72.7557468101,2002749103,563.65946234,451.156877009,563.018663585,414.050296545
2002764306,-73.6473406993,69.9843914915,2002765104,566.198098219,459.841253339,566.683553788,419.47903668199996
2002782329,-70.2805195844,67.0775716387,2002785106,570.918128866,467.942328895,568.92672292,421.232323006
2002797332,-67.2068156109,64.3906680141,2002801107,575.182824515,471.93229124699997,576.774342122,426.524506389
2002815361,-64.031165544,61.5823603365,2002817108,576.983082636,474.640065102,579.110923601,429.296131939
2002830368,-60.8684709386,58.753893924,2002833110,580.652535909,471.731837485,589.445201916,430.267593801
2002848393,-57.7322649897,55.9190095787,2002849111,580.908425842,469.287901308,586.166176736,429.350963953
2002863405,-54.6132981883,53.0710615584,2002865113,581.232659562,471.60391971800004,586.8461635680001,427.960254613
2002881452,-51.5090678582,50.2093312971,2002885115,582.845122678,478.511980441,587.289097765,426.37688636
2002896428,-48.4165220874,47.3325212143,2002897116,585.330580689,478.61227972300003,588.548079794,430.456684017
2002914458,-45.3580418701,44.4632159026,2002917117,592.52812642,479.48283414300005,599.703803725,443.85585838599997
2002932464,-42.3053601524,41.5765973281,2002933119,598.546172512,487.612005616,606.16472898,446.99435235199996
2002947484,-39.2637633172,38.6791170206,2002949120,602.424460906,496.529013328,617.16305078,453.88529506099997
2002965501,-36.2372807075,35.7761843253,2002969122,606.553510595,497.818969761,622.3054223309999,454.93476892
2002980515,-33.2245683185,32.8681168288,2002981122,612.14018405,498.951670229,624.126068062,458.30241876400004
2002998531,-30.2237788471,29.9547144259,2003001118,613.20701491,498.026734549,625.843695518,464.88915174699997
2003013549,-27.2281834738,27.0309659954,2003017115,615.591439277,501.977259876,630.219718879,470.74599755300005
2003031562,-24.2430709692,24.1035560172,2003033111,617.323997786,504.42156598099996,631.7297005940001,472.98702608300005
2003046589,-21.2724885255,21.1780457456,2003049108,618.893020625,503.983204045,632.301876479,473.64490605199995
2003064594,-18.3055139127,18.2452293683,2003065104,622.062113054,512.207123886,634.398057183,475.746051225
2003079613,-15.2123445136,15.1776939852,2003081100,623.924353628,516.46439299,639.82460628,478.062070126
2003097622,-12.39109552,12.3723477949,2003101096,628.398388938,522.8608504169999,641.684187314,485.172352646
2003115643,-9.43870786751,9.4304137497,2003117093,626.816111645,524.61395172,647.70417357,487.147992446
2003130692,-6.48653534936,6.48384150313,2003133089,585.950543904,511.88751072199994,579.752526409,469.125675274
2003148675,-3.54684687644,3.54640626947,2003149086,499.180293718,473.283274628,517.987449937,416.24092706199997
